test_id,n,alpha,rep,algorithm,iteration,weight_regime,metric_name,metric_value
C2,500,2,26,HungarianMatcher+BellmanFordStrategy,0,mixed,defect_at_iteration,499
C2,500,2,26,HungarianMatcher+BellmanFordStrategy,1,mixed,defect_at_iteration,498
C2,500,2,26,HungarianMatcher+BellmanFordStrategy,2,mixed,defect_at_iteration,497
C2,500,2,26,HungarianMatcher+BellmanFordStrategy,3,mixed,defect_at_iteration,496
C2,500,2,26,HungarianMatcher+BellmanFordStrategy,4,mixed,defect_at_iteration,495
C2,500,2,26,HungarianMatcher+BellmanFordStrategy,5,mixed,defect_at_iteration,494
C2,500,2,26,HungarianMatcher+BellmanFordStrategy,6,mixed,defect_at_iteration,493
C2,500,2,26,HungarianMatcher+BellmanFordStrategy,7,mixed,defect_at_iteration,492
C2,500,2,26,HungarianMatcher+BellmanFordStrategy,8,mixed,defect_at_iteration,491
C2,500,2,26,HungarianMatcher+BellmanFordStrategy,9,mixed,defect_at_iteration,490
C2,500,2,26,HungarianMatcher+BellmanFordStrategy,10,mixed,defect_at_iteration,489
C2,500,2,26,HungarianMatcher+BellmanFordStrategy,11,mixed,defect_at_iteration,488
C2,500,2,26,HungarianMatcher+BellmanFordStrategy,12,mixed,defect_at_iteration,487
C2,500,2,26,HungarianMatcher+BellmanFordStrategy,13,mixed,defect_at_iteration,486
C2,500,2,26,HungarianMatcher+BellmanFordStrategy,14,mixed,defect_at_iteration,485
C2,500,2,26,HungarianMatcher+BellmanFordStrategy,15,mixed,defect_at_iteration,484
C2,500,2,26,HungarianMatcher+BellmanFordStrategy,16,mixed,defect_at_iteration,483
C2,500,2,26,HungarianMatcher+BellmanFordStrategy,17,mixed,defect_at_iteration,482
C2,500,2,26,HungarianMatcher+BellmanFordStrategy,18,mixed,defect_at_iteration,481
C2,500,2,26,HungarianMatcher+BellmanFordStrategy,19,mixed,defect_at_iteration,480
C2,500,2,26,HungarianMatcher+BellmanFordStrategy,20,mixed,defect_at_iteration,479
C2,500,2,26,HungarianMatcher+BellmanFordStrategy,21,mixed,defect_at_iteration,478
C2,500,2,26,HungarianMatcher+BellmanFordStrategy,22,mixed,defect_at_iteration,477
C2,500,2,26,HungarianMatcher+BellmanFordStrategy,23,mixed,defect_at_iteration,476
C2,500,2,26,HungarianMatcher+BellmanFordStrategy,24,mixed,defect_at_iteration,475
C2,500,2,26,HungarianMatcher+BellmanFordStrategy,25,mixed,defect_at_iteration,474
C2,500,2,26,HungarianMatcher+BellmanFordStrategy,26,mixed,defect_at_iteration,473
C2,500,2,26,HungarianMatcher+BellmanFordStrategy,27,mixed,defect_at_iteration,472
C2,500,2,26,HungarianMatcher+BellmanFordStrategy,28,mixed,defect_at_iteration,471
C2,500,2,26,HungarianMatcher+BellmanFordStrategy,29,mixed,defect_at_iteration,470
C2,500,2,26,HungarianMatcher+BellmanFordStrategy,30,mixed,defect_at_iteration,469
C2,500,2,26,HungarianMatcher+BellmanFordStrategy,31,mixed,defect_at_iteration,468
C2,500,2,26,HungarianMatcher+BellmanFordStrategy,32,mixed,defect_at_iteration,467
C2,500,2,26,HungarianMatcher+BellmanFordStrategy,33,mixed,defect_at_iteration,466
C2,500,2,26,HungarianMatcher+BellmanFordStrategy,34,mixed,defect_at_iteration,465
C2,500,2,26,HungarianMatcher+BellmanFordStrategy,35,mixed,defect_at_iteration,464
C2,500,2,26,HungarianMatcher+BellmanFordStrategy,36,mixed,defect_at_iteration,463
C2,500,2,26,HungarianMatcher+BellmanFordStrategy,37,mixed,defect_at_iteration,462
C2,500,2,26,HungarianMatcher+BellmanFordStrategy,38,mixed,defect_at_iteration,461
C2,500,2,26,HungarianMatcher+BellmanFordStrategy,39,mixed,defect_at_iteration,460
C2,500,2,26,HungarianMatcher+BellmanFordStrategy,40,mixed,defect_at_iteration,459
C2,500,2,26,HungarianMatcher+BellmanFordStrategy,41,mixed,defect_at_iteration,458
C2,500,2,26,HungarianMatcher+BellmanFordStrategy,42,mixed,defect_at_iteration,457
C2,500,2,26,HungarianMatcher+BellmanFordStrategy,43,mixed,defect_at_iteration,456
C2,500,2,26,HungarianMatcher+BellmanFordStrategy,44,mixed,defect_at_iteration,455
C2,500,2,26,HungarianMatcher+BellmanFordStrategy,45,mixed,defect_at_iteration,454
C2,500,2,26,HungarianMatcher+BellmanFordStrategy,46,mixed,defect_at_iteration,453
C2,500,2,26,HungarianMatcher+BellmanFordStrategy,47,mixed,defect_at_iteration,452
C2,500,2,26,HungarianMatcher+BellmanFordStrategy,48,mixed,defect_at_iteration,451
C2,500,2,26,HungarianMatcher+BellmanFordStrategy,49,mixed,defect_at_iteration,450
C2,500,2,26,HungarianMatcher+BellmanFordStrategy,50,mixed,defect_at_iteration,449
C2,500,2,26,HungarianMatcher+BellmanFordStrategy,51,mixed,defect_at_iteration,448
C2,500,2,26,HungarianMatcher+BellmanFordStrategy,52,mixed,defect_at_iteration,447
C2,500,2,26,HungarianMatcher+BellmanFordStrategy,53,mixed,defect_at_iteration,446
C2,500,2,26,HungarianMatcher+BellmanFordStrategy,54,mixed,defect_at_iteration,445
C2,500,2,26,HungarianMatcher+BellmanFordStrategy,55,mixed,defect_at_iteration,444
C2,500,2,26,HungarianMatcher+BellmanFordStrategy,56,mixed,defect_at_iteration,443
C2,500,2,26,HungarianMatcher+BellmanFordStrategy,57,mixed,defect_at_iteration,442
C2,500,2,26,HungarianMatcher+BellmanFordStrategy,58,mixed,defect_at_iteration,441
C2,500,2,26,HungarianMatcher+BellmanFordStrategy,59,mixed,defect_at_iteration,440
C2,500,2,26,HungarianMatcher+BellmanFordStrategy,60,mixed,defect_at_iteration,439
C2,500,2,26,HungarianMatcher+BellmanFordStrategy,61,mixed,defect_at_iteration,438
C2,500,2,26,HungarianMatcher+BellmanFordStrategy,62,mixed,defect_at_iteration,437
C2,500,2,26,HungarianMatcher+BellmanFordStrategy,63,mixed,defect_at_iteration,436
C2,500,2,26,HungarianMatcher+BellmanFordStrategy,64,mixed,defect_at_iteration,435
C2,500,2,26,HungarianMatcher+BellmanFordStrategy,65,mixed,defect_at_iteration,434
C2,500,2,26,HungarianMatcher+BellmanFordStrategy,66,mixed,defect_at_iteration,433
C2,500,2,26,HungarianMatcher+BellmanFordStrategy,67,mixed,defect_at_iteration,432
C2,500,2,26,HungarianMatcher+BellmanFordStrategy,68,mixed,defect_at_iteration,431
C2,500,2,26,HungarianMatcher+BellmanFordStrategy,69,mixed,defect_at_iteration,430
C2,500,2,26,HungarianMatcher+BellmanFordStrategy,70,mixed,defect_at_iteration,429
C2,500,2,26,HungarianMatcher+BellmanFordStrategy,71,mixed,defect_at_iteration,428
C2,500,2,26,HungarianMatcher+BellmanFordStrategy,72,mixed,defect_at_iteration,427
C2,500,2,26,HungarianMatcher+BellmanFordStrategy,73,mixed,defect_at_iteration,426
C2,500,2,26,HungarianMatcher+BellmanFordStrategy,74,mixed,defect_at_iteration,425
C2,500,2,26,HungarianMatcher+BellmanFordStrategy,75,mixed,defect_at_iteration,424
C2,500,2,26,HungarianMatcher+BellmanFordStrategy,76,mixed,defect_at_iteration,423
C2,500,2,26,HungarianMatcher+BellmanFordStrategy,77,mixed,defect_at_iteration,422
C2,500,2,26,HungarianMatcher+BellmanFordStrategy,78,mixed,defect_at_iteration,421
C2,500,2,26,HungarianMatcher+BellmanFordStrategy,79,mixed,defect_at_iteration,420
C2,500,2,26,HungarianMatcher+BellmanFordStrategy,80,mixed,defect_at_iteration,419
C2,500,2,26,HungarianMatcher+BellmanFordStrategy,81,mixed,defect_at_iteration,418
C2,500,2,26,HungarianMatcher+BellmanFordStrategy,82,mixed,defect_at_iteration,417
C2,500,2,26,HungarianMatcher+BellmanFordStrategy,83,mixed,defect_at_iteration,416
C2,500,2,26,HungarianMatcher+BellmanFordStrategy,84,mixed,defect_at_iteration,415
C2,500,2,26,HungarianMatcher+BellmanFordStrategy,85,mixed,defect_at_iteration,414
C2,500,2,26,HungarianMatcher+BellmanFordStrategy,86,mixed,defect_at_iteration,413
C2,500,2,26,HungarianMatcher+BellmanFordStrategy,87,mixed,defect_at_iteration,412
C2,500,2,26,HungarianMatcher+BellmanFordStrategy,88,mixed,defect_at_iteration,411
C2,500,2,26,HungarianMatcher+BellmanFordStrategy,89,mixed,defect_at_iteration,410
C2,500,2,26,HungarianMatcher+BellmanFordStrategy,90,mixed,defect_at_iteration,409
C2,500,2,26,HungarianMatcher+BellmanFordStrategy,91,mixed,defect_at_iteration,408
C2,500,2,26,HungarianMatcher+BellmanFordStrategy,92,mixed,defect_at_iteration,407
C2,500,2,26,HungarianMatcher+BellmanFordStrategy,93,mixed,defect_at_iteration,406
C2,500,2,26,HungarianMatcher+BellmanFordStrategy,94,mixed,defect_at_iteration,405
C2,500,2,26,HungarianMatcher+BellmanFordStrategy,95,mixed,defect_at_iteration,404
C2,500,2,26,HungarianMatcher+BellmanFordStrategy,96,mixed,defect_at_iteration,403
C2,500,2,26,HungarianMatcher+BellmanFordStrategy,97,mixed,defect_at_iteration,402
C2,500,2,26,HungarianMatcher+BellmanFordStrategy,98,mixed,defect_at_iteration,401
C2,500,2,26,HungarianMatcher+BellmanFordStrategy,99,mixed,defect_at_iteration,400
C2,500,2,26,HungarianMatcher+BellmanFordStrategy,100,mixed,defect_at_iteration,399
C2,500,2,26,HungarianMatcher+BellmanFordStrategy,101,mixed,defect_at_iteration,398
C2,500,2,26,HungarianMatcher+BellmanFordStrategy,102,mixed,defect_at_iteration,397
C2,500,2,26,HungarianMatcher+BellmanFordStrategy,103,mixed,defect_at_iteration,396
C2,500,2,26,HungarianMatcher+BellmanFordStrategy,104,mixed,defect_at_iteration,395
C2,500,2,26,HungarianMatcher+BellmanFordStrategy,105,mixed,defect_at_iteration,394
C2,500,2,26,HungarianMatcher+BellmanFordStrategy,106,mixed,defect_at_iteration,393
C2,500,2,26,HungarianMatcher+BellmanFordStrategy,107,mixed,defect_at_iteration,392
C2,500,2,26,HungarianMatcher+BellmanFordStrategy,108,mixed,defect_at_iteration,391
C2,500,2,26,HungarianMatcher+BellmanFordStrategy,109,mixed,defect_at_iteration,390
C2,500,2,26,HungarianMatcher+BellmanFordStrategy,110,mixed,defect_at_iteration,389
C2,500,2,26,HungarianMatcher+BellmanFordStrategy,111,mixed,defect_at_iteration,388
C2,500,2,26,HungarianMatcher+BellmanFordStrategy,112,mixed,defect_at_iteration,387
C2,500,2,26,HungarianMatcher+BellmanFordStrategy,113,mixed,defect_at_iteration,386
C2,500,2,26,HungarianMatcher+BellmanFordStrategy,114,mixed,defect_at_iteration,385
C2,500,2,26,HungarianMatcher+BellmanFordStrategy,115,mixed,defect_at_iteration,384
C2,500,2,26,HungarianMatcher+BellmanFordStrategy,116,mixed,defect_at_iteration,383
C2,500,2,26,HungarianMatcher+BellmanFordStrategy,117,mixed,defect_at_iteration,382
C2,500,2,26,HungarianMatcher+BellmanFordStrategy,118,mixed,defect_at_iteration,381
C2,500,2,26,HungarianMatcher+BellmanFordStrategy,119,mixed,defect_at_iteration,380
C2,500,2,26,HungarianMatcher+BellmanFordStrategy,120,mixed,defect_at_iteration,379
C2,500,2,26,HungarianMatcher+BellmanFordStrategy,121,mixed,defect_at_iteration,378
C2,500,2,26,HungarianMatcher+BellmanFordStrategy,122,mixed,defect_at_iteration,377
C2,500,2,26,HungarianMatcher+BellmanFordStrategy,123,mixed,defect_at_iteration,376
C2,500,2,26,HungarianMatcher+BellmanFordStrategy,124,mixed,defect_at_iteration,375
C2,500,2,26,HungarianMatcher+BellmanFordStrategy,125,mixed,defect_at_iteration,374
C2,500,2,26,HungarianMatcher+BellmanFordStrategy,126,mixed,defect_at_iteration,373
C2,500,2,26,HungarianMatcher+BellmanFordStrategy,127,mixed,defect_at_iteration,372
C2,500,2,26,HungarianMatcher+BellmanFordStrategy,128,mixed,defect_at_iteration,371
C2,500,2,26,HungarianMatcher+BellmanFordStrategy,129,mixed,defect_at_iteration,370
C2,500,2,26,HungarianMatcher+BellmanFordStrategy,130,mixed,defect_at_iteration,369
C2,500,2,26,HungarianMatcher+BellmanFordStrategy,131,mixed,defect_at_iteration,368
C2,500,2,26,HungarianMatcher+BellmanFordStrategy,132,mixed,defect_at_iteration,367
C2,500,2,26,HungarianMatcher+BellmanFordStrategy,133,mixed,defect_at_iteration,366
C2,500,2,26,HungarianMatcher+BellmanFordStrategy,134,mixed,defect_at_iteration,365
C2,500,2,26,HungarianMatcher+BellmanFordStrategy,135,mixed,defect_at_iteration,364
C2,500,2,26,HungarianMatcher+BellmanFordStrategy,136,mixed,defect_at_iteration,363
C2,500,2,26,HungarianMatcher+BellmanFordStrategy,137,mixed,defect_at_iteration,362
C2,500,2,26,HungarianMatcher+BellmanFordStrategy,138,mixed,defect_at_iteration,361
C2,500,2,26,HungarianMatcher+BellmanFordStrategy,139,mixed,defect_at_iteration,360
C2,500,2,26,HungarianMatcher+BellmanFordStrategy,140,mixed,defect_at_iteration,359
C2,500,2,26,HungarianMatcher+BellmanFordStrategy,141,mixed,defect_at_iteration,358
C2,500,2,26,HungarianMatcher+BellmanFordStrategy,142,mixed,defect_at_iteration,357
C2,500,2,26,HungarianMatcher+BellmanFordStrategy,143,mixed,defect_at_iteration,356
C2,500,2,26,HungarianMatcher+BellmanFordStrategy,144,mixed,defect_at_iteration,355
C2,500,2,26,HungarianMatcher+BellmanFordStrategy,145,mixed,defect_at_iteration,354
C2,500,2,26,HungarianMatcher+BellmanFordStrategy,146,mixed,defect_at_iteration,353
C2,500,2,26,HungarianMatcher+BellmanFordStrategy,147,mixed,defect_at_iteration,352
C2,500,2,26,HungarianMatcher+BellmanFordStrategy,148,mixed,defect_at_iteration,351
C2,500,2,26,HungarianMatcher+BellmanFordStrategy,149,mixed,defect_at_iteration,350
C2,500,2,26,HungarianMatcher+BellmanFordStrategy,150,mixed,defect_at_iteration,349
C2,500,2,26,HungarianMatcher+BellmanFordStrategy,151,mixed,defect_at_iteration,348
C2,500,2,26,HungarianMatcher+BellmanFordStrategy,152,mixed,defect_at_iteration,347
C2,500,2,26,HungarianMatcher+BellmanFordStrategy,153,mixed,defect_at_iteration,346
C2,500,2,26,HungarianMatcher+BellmanFordStrategy,154,mixed,defect_at_iteration,345
C2,500,2,26,HungarianMatcher+BellmanFordStrategy,155,mixed,defect_at_iteration,344
C2,500,2,26,HungarianMatcher+BellmanFordStrategy,156,mixed,defect_at_iteration,343
C2,500,2,26,HungarianMatcher+BellmanFordStrategy,157,mixed,defect_at_iteration,342
C2,500,2,26,HungarianMatcher+BellmanFordStrategy,158,mixed,defect_at_iteration,341
C2,500,2,26,HungarianMatcher+BellmanFordStrategy,159,mixed,defect_at_iteration,340
C2,500,2,26,HungarianMatcher+BellmanFordStrategy,160,mixed,defect_at_iteration,339
C2,500,2,26,HungarianMatcher+BellmanFordStrategy,161,mixed,defect_at_iteration,338
C2,500,2,26,HungarianMatcher+BellmanFordStrategy,162,mixed,defect_at_iteration,337
C2,500,2,26,HungarianMatcher+BellmanFordStrategy,163,mixed,defect_at_iteration,336
C2,500,2,26,HungarianMatcher+BellmanFordStrategy,164,mixed,defect_at_iteration,335
C2,500,2,26,HungarianMatcher+BellmanFordStrategy,165,mixed,defect_at_iteration,334
C2,500,2,26,HungarianMatcher+BellmanFordStrategy,166,mixed,defect_at_iteration,333
C2,500,2,26,HungarianMatcher+BellmanFordStrategy,167,mixed,defect_at_iteration,332
C2,500,2,26,HungarianMatcher+BellmanFordStrategy,168,mixed,defect_at_iteration,331
C2,500,2,26,HungarianMatcher+BellmanFordStrategy,169,mixed,defect_at_iteration,330
C2,500,2,26,HungarianMatcher+BellmanFordStrategy,170,mixed,defect_at_iteration,329
C2,500,2,26,HungarianMatcher+BellmanFordStrategy,171,mixed,defect_at_iteration,328
C2,500,2,26,HungarianMatcher+BellmanFordStrategy,172,mixed,defect_at_iteration,327
C2,500,2,26,HungarianMatcher+BellmanFordStrategy,173,mixed,defect_at_iteration,326
C2,500,2,26,HungarianMatcher+BellmanFordStrategy,174,mixed,defect_at_iteration,325
C2,500,2,26,HungarianMatcher+BellmanFordStrategy,175,mixed,defect_at_iteration,324
C2,500,2,26,HungarianMatcher+BellmanFordStrategy,176,mixed,defect_at_iteration,323
C2,500,2,26,HungarianMatcher+BellmanFordStrategy,177,mixed,defect_at_iteration,322
C2,500,2,26,HungarianMatcher+BellmanFordStrategy,178,mixed,defect_at_iteration,321
C2,500,2,26,HungarianMatcher+BellmanFordStrategy,179,mixed,defect_at_iteration,320
C2,500,2,26,HungarianMatcher+BellmanFordStrategy,180,mixed,defect_at_iteration,319
C2,500,2,26,HungarianMatcher+BellmanFordStrategy,181,mixed,defect_at_iteration,318
C2,500,2,26,HungarianMatcher+BellmanFordStrategy,182,mixed,defect_at_iteration,317
C2,500,2,26,HungarianMatcher+BellmanFordStrategy,183,mixed,defect_at_iteration,316
C2,500,2,26,HungarianMatcher+BellmanFordStrategy,184,mixed,defect_at_iteration,315
C2,500,2,26,HungarianMatcher+BellmanFordStrategy,185,mixed,defect_at_iteration,314
C2,500,2,26,HungarianMatcher+BellmanFordStrategy,186,mixed,defect_at_iteration,313
C2,500,2,26,HungarianMatcher+BellmanFordStrategy,187,mixed,defect_at_iteration,312
C2,500,2,26,HungarianMatcher+BellmanFordStrategy,188,mixed,defect_at_iteration,311
C2,500,2,26,HungarianMatcher+BellmanFordStrategy,189,mixed,defect_at_iteration,310
C2,500,2,26,HungarianMatcher+BellmanFordStrategy,190,mixed,defect_at_iteration,309
C2,500,2,26,HungarianMatcher+BellmanFordStrategy,191,mixed,defect_at_iteration,308
C2,500,2,26,HungarianMatcher+BellmanFordStrategy,192,mixed,defect_at_iteration,307
C2,500,2,26,HungarianMatcher+BellmanFordStrategy,193,mixed,defect_at_iteration,306
C2,500,2,26,HungarianMatcher+BellmanFordStrategy,194,mixed,defect_at_iteration,305
C2,500,2,26,HungarianMatcher+BellmanFordStrategy,195,mixed,defect_at_iteration,304
C2,500,2,26,HungarianMatcher+BellmanFordStrategy,196,mixed,defect_at_iteration,303
C2,500,2,26,HungarianMatcher+BellmanFordStrategy,197,mixed,defect_at_iteration,302
C2,500,2,26,HungarianMatcher+BellmanFordStrategy,198,mixed,defect_at_iteration,301
C2,500,2,26,HungarianMatcher+BellmanFordStrategy,199,mixed,defect_at_iteration,300
C2,500,2,26,HungarianMatcher+BellmanFordStrategy,200,mixed,defect_at_iteration,299
C2,500,2,26,HungarianMatcher+BellmanFordStrategy,201,mixed,defect_at_iteration,298
C2,500,2,26,HungarianMatcher+BellmanFordStrategy,202,mixed,defect_at_iteration,297
C2,500,2,26,HungarianMatcher+BellmanFordStrategy,203,mixed,defect_at_iteration,296
C2,500,2,26,HungarianMatcher+BellmanFordStrategy,204,mixed,defect_at_iteration,295
C2,500,2,26,HungarianMatcher+BellmanFordStrategy,205,mixed,defect_at_iteration,294
C2,500,2,26,HungarianMatcher+BellmanFordStrategy,206,mixed,defect_at_iteration,293
C2,500,2,26,HungarianMatcher+BellmanFordStrategy,207,mixed,defect_at_iteration,292
C2,500,2,26,HungarianMatcher+BellmanFordStrategy,208,mixed,defect_at_iteration,291
C2,500,2,26,HungarianMatcher+BellmanFordStrategy,209,mixed,defect_at_iteration,290
C2,500,2,26,HungarianMatcher+BellmanFordStrategy,210,mixed,defect_at_iteration,289
C2,500,2,26,HungarianMatcher+BellmanFordStrategy,211,mixed,defect_at_iteration,288
C2,500,2,26,HungarianMatcher+BellmanFordStrategy,212,mixed,defect_at_iteration,287
C2,500,2,26,HungarianMatcher+BellmanFordStrategy,213,mixed,defect_at_iteration,286
C2,500,2,26,HungarianMatcher+BellmanFordStrategy,214,mixed,defect_at_iteration,285
C2,500,2,26,HungarianMatcher+BellmanFordStrategy,215,mixed,defect_at_iteration,284
C2,500,2,26,HungarianMatcher+BellmanFordStrategy,216,mixed,defect_at_iteration,283
C2,500,2,26,HungarianMatcher+BellmanFordStrategy,217,mixed,defect_at_iteration,282
C2,500,2,26,HungarianMatcher+BellmanFordStrategy,218,mixed,defect_at_iteration,281
C2,500,2,26,HungarianMatcher+BellmanFordStrategy,219,mixed,defect_at_iteration,280
C2,500,2,26,HungarianMatcher+BellmanFordStrategy,220,mixed,defect_at_iteration,279
C2,500,2,26,HungarianMatcher+BellmanFordStrategy,221,mixed,defect_at_iteration,278
C2,500,2,26,HungarianMatcher+BellmanFordStrategy,222,mixed,defect_at_iteration,277
C2,500,2,26,HungarianMatcher+BellmanFordStrategy,223,mixed,defect_at_iteration,276
C2,500,2,26,HungarianMatcher+BellmanFordStrategy,224,mixed,defect_at_iteration,275
C2,500,2,26,HungarianMatcher+BellmanFordStrategy,225,mixed,defect_at_iteration,274
C2,500,2,26,HungarianMatcher+BellmanFordStrategy,226,mixed,defect_at_iteration,273
C2,500,2,26,HungarianMatcher+BellmanFordStrategy,227,mixed,defect_at_iteration,272
C2,500,2,26,HungarianMatcher+BellmanFordStrategy,228,mixed,defect_at_iteration,271
C2,500,2,26,HungarianMatcher+BellmanFordStrategy,229,mixed,defect_at_iteration,270
C2,500,2,26,HungarianMatcher+BellmanFordStrategy,230,mixed,defect_at_iteration,269
C2,500,2,26,HungarianMatcher+BellmanFordStrategy,231,mixed,defect_at_iteration,268
C2,500,2,26,HungarianMatcher+BellmanFordStrategy,232,mixed,defect_at_iteration,267
C2,500,2,26,HungarianMatcher+BellmanFordStrategy,233,mixed,defect_at_iteration,266
C2,500,2,26,HungarianMatcher+BellmanFordStrategy,234,mixed,defect_at_iteration,265
C2,500,2,26,HungarianMatcher+BellmanFordStrategy,235,mixed,defect_at_iteration,264
C2,500,2,26,HungarianMatcher+BellmanFordStrategy,236,mixed,defect_at_iteration,263
C2,500,2,26,HungarianMatcher+BellmanFordStrategy,237,mixed,defect_at_iteration,262
C2,500,2,26,HungarianMatcher+BellmanFordStrategy,238,mixed,defect_at_iteration,261
C2,500,2,26,HungarianMatcher+BellmanFordStrategy,239,mixed,defect_at_iteration,260
C2,500,2,26,HungarianMatcher+BellmanFordStrategy,240,mixed,defect_at_iteration,259
C2,500,2,26,HungarianMatcher+BellmanFordStrategy,241,mixed,defect_at_iteration,258
C2,500,2,26,HungarianMatcher+BellmanFordStrategy,242,mixed,defect_at_iteration,257
C2,500,2,26,HungarianMatcher+BellmanFordStrategy,243,mixed,defect_at_iteration,256
C2,500,2,26,HungarianMatcher+BellmanFordStrategy,244,mixed,defect_at_iteration,255
C2,500,2,26,HungarianMatcher+BellmanFordStrategy,245,mixed,defect_at_iteration,254
C2,500,2,26,HungarianMatcher+BellmanFordStrategy,246,mixed,defect_at_iteration,253
C2,500,2,26,HungarianMatcher+BellmanFordStrategy,247,mixed,defect_at_iteration,252
C2,500,2,26,HungarianMatcher+BellmanFordStrategy,248,mixed,defect_at_iteration,251
C2,500,2,26,HungarianMatcher+BellmanFordStrategy,249,mixed,defect_at_iteration,250
C2,500,2,26,HungarianMatcher+BellmanFordStrategy,250,mixed,defect_at_iteration,249
C2,500,2,26,HungarianMatcher+BellmanFordStrategy,251,mixed,defect_at_iteration,248
C2,500,2,26,HungarianMatcher+BellmanFordStrategy,252,mixed,defect_at_iteration,247
C2,500,2,26,HungarianMatcher+BellmanFordStrategy,253,mixed,defect_at_iteration,246
C2,500,2,26,HungarianMatcher+BellmanFordStrategy,254,mixed,defect_at_iteration,245
C2,500,2,26,HungarianMatcher+BellmanFordStrategy,255,mixed,defect_at_iteration,244
C2,500,2,26,HungarianMatcher+BellmanFordStrategy,256,mixed,defect_at_iteration,243
C2,500,2,26,HungarianMatcher+BellmanFordStrategy,257,mixed,defect_at_iteration,242
C2,500,2,26,HungarianMatcher+BellmanFordStrategy,258,mixed,defect_at_iteration,241
C2,500,2,26,HungarianMatcher+BellmanFordStrategy,259,mixed,defect_at_iteration,240
C2,500,2,26,HungarianMatcher+BellmanFordStrategy,260,mixed,defect_at_iteration,239
C2,500,2,26,HungarianMatcher+BellmanFordStrategy,261,mixed,defect_at_iteration,238
C2,500,2,26,HungarianMatcher+BellmanFordStrategy,262,mixed,defect_at_iteration,237
C2,500,2,26,HungarianMatcher+BellmanFordStrategy,263,mixed,defect_at_iteration,236
C2,500,2,26,HungarianMatcher+BellmanFordStrategy,264,mixed,defect_at_iteration,235
C2,500,2,26,HungarianMatcher+BellmanFordStrategy,265,mixed,defect_at_iteration,234
C2,500,2,26,HungarianMatcher+BellmanFordStrategy,266,mixed,defect_at_iteration,233
C2,500,2,26,HungarianMatcher+BellmanFordStrategy,267,mixed,defect_at_iteration,232
C2,500,2,26,HungarianMatcher+BellmanFordStrategy,268,mixed,defect_at_iteration,231
C2,500,2,26,HungarianMatcher+BellmanFordStrategy,269,mixed,defect_at_iteration,230
C2,500,2,26,HungarianMatcher+BellmanFordStrategy,270,mixed,defect_at_iteration,229
C2,500,2,26,HungarianMatcher+BellmanFordStrategy,271,mixed,defect_at_iteration,228
C2,500,2,26,HungarianMatcher+BellmanFordStrategy,272,mixed,defect_at_iteration,227
C2,500,2,26,HungarianMatcher+BellmanFordStrategy,273,mixed,defect_at_iteration,226
C2,500,2,26,HungarianMatcher+BellmanFordStrategy,274,mixed,defect_at_iteration,225
C2,500,2,26,HungarianMatcher+BellmanFordStrategy,275,mixed,defect_at_iteration,224
C2,500,2,26,HungarianMatcher+BellmanFordStrategy,276,mixed,defect_at_iteration,223
C2,500,2,26,HungarianMatcher+BellmanFordStrategy,277,mixed,defect_at_iteration,222
C2,500,2,26,HungarianMatcher+BellmanFordStrategy,278,mixed,defect_at_iteration,221
C2,500,2,26,HungarianMatcher+BellmanFordStrategy,279,mixed,defect_at_iteration,220
C2,500,2,26,HungarianMatcher+BellmanFordStrategy,280,mixed,defect_at_iteration,219
C2,500,2,26,HungarianMatcher+BellmanFordStrategy,281,mixed,defect_at_iteration,218
C2,500,2,26,HungarianMatcher+BellmanFordStrategy,282,mixed,defect_at_iteration,217
C2,500,2,26,HungarianMatcher+BellmanFordStrategy,283,mixed,defect_at_iteration,216
C2,500,2,26,HungarianMatcher+BellmanFordStrategy,284,mixed,defect_at_iteration,215
C2,500,2,26,HungarianMatcher+BellmanFordStrategy,285,mixed,defect_at_iteration,214
C2,500,2,26,HungarianMatcher+BellmanFordStrategy,286,mixed,defect_at_iteration,213
C2,500,2,26,HungarianMatcher+BellmanFordStrategy,287,mixed,defect_at_iteration,212
C2,500,2,26,HungarianMatcher+BellmanFordStrategy,288,mixed,defect_at_iteration,211
C2,500,2,26,HungarianMatcher+BellmanFordStrategy,289,mixed,defect_at_iteration,210
C2,500,2,26,HungarianMatcher+BellmanFordStrategy,290,mixed,defect_at_iteration,209
C2,500,2,26,HungarianMatcher+BellmanFordStrategy,291,mixed,defect_at_iteration,208
C2,500,2,26,HungarianMatcher+BellmanFordStrategy,292,mixed,defect_at_iteration,207
C2,500,2,26,HungarianMatcher+BellmanFordStrategy,293,mixed,defect_at_iteration,206
C2,500,2,26,HungarianMatcher+BellmanFordStrategy,294,mixed,defect_at_iteration,205
C2,500,2,26,HungarianMatcher+BellmanFordStrategy,295,mixed,defect_at_iteration,204
C2,500,2,26,HungarianMatcher+BellmanFordStrategy,296,mixed,defect_at_iteration,203
C2,500,2,26,HungarianMatcher+BellmanFordStrategy,297,mixed,defect_at_iteration,202
C2,500,2,26,HungarianMatcher+BellmanFordStrategy,298,mixed,defect_at_iteration,201
C2,500,2,26,HungarianMatcher+BellmanFordStrategy,299,mixed,defect_at_iteration,200
C2,500,2,26,HungarianMatcher+BellmanFordStrategy,300,mixed,defect_at_iteration,199
C2,500,2,26,HungarianMatcher+BellmanFordStrategy,301,mixed,defect_at_iteration,198
C2,500,2,26,HungarianMatcher+BellmanFordStrategy,302,mixed,defect_at_iteration,197
C2,500,2,26,HungarianMatcher+BellmanFordStrategy,303,mixed,defect_at_iteration,196
C2,500,2,26,HungarianMatcher+BellmanFordStrategy,304,mixed,defect_at_iteration,195
C2,500,2,26,HungarianMatcher+BellmanFordStrategy,305,mixed,defect_at_iteration,194
C2,500,2,26,HungarianMatcher+BellmanFordStrategy,306,mixed,defect_at_iteration,193
C2,500,2,26,HungarianMatcher+BellmanFordStrategy,307,mixed,defect_at_iteration,192
C2,500,2,26,HungarianMatcher+BellmanFordStrategy,308,mixed,defect_at_iteration,191
C2,500,2,26,HungarianMatcher+BellmanFordStrategy,309,mixed,defect_at_iteration,190
C2,500,2,26,HungarianMatcher+BellmanFordStrategy,310,mixed,defect_at_iteration,189
C2,500,2,26,HungarianMatcher+BellmanFordStrategy,311,mixed,defect_at_iteration,188
C2,500,2,26,HungarianMatcher+BellmanFordStrategy,312,mixed,defect_at_iteration,187
C2,500,2,26,HungarianMatcher+BellmanFordStrategy,313,mixed,defect_at_iteration,186
C2,500,2,26,HungarianMatcher+BellmanFordStrategy,314,mixed,defect_at_iteration,185
C2,500,2,26,HungarianMatcher+BellmanFordStrategy,315,mixed,defect_at_iteration,184
C2,500,2,26,HungarianMatcher+BellmanFordStrategy,316,mixed,defect_at_iteration,183
C2,500,2,26,HungarianMatcher+BellmanFordStrategy,317,mixed,defect_at_iteration,182
C2,500,2,26,HungarianMatcher+BellmanFordStrategy,318,mixed,defect_at_iteration,181
C2,500,2,26,HungarianMatcher+BellmanFordStrategy,319,mixed,defect_at_iteration,180
C2,500,2,26,HungarianMatcher+BellmanFordStrategy,320,mixed,defect_at_iteration,179
C2,500,2,26,HungarianMatcher+BellmanFordStrategy,321,mixed,defect_at_iteration,178
C2,500,2,26,HungarianMatcher+BellmanFordStrategy,322,mixed,defect_at_iteration,177
C2,500,2,26,HungarianMatcher+BellmanFordStrategy,323,mixed,defect_at_iteration,176
C2,500,2,26,HungarianMatcher+BellmanFordStrategy,324,mixed,defect_at_iteration,175
C2,500,2,26,HungarianMatcher+BellmanFordStrategy,325,mixed,defect_at_iteration,174
C2,500,2,26,HungarianMatcher+BellmanFordStrategy,326,mixed,defect_at_iteration,173
C2,500,2,26,HungarianMatcher+BellmanFordStrategy,327,mixed,defect_at_iteration,172
C2,500,2,26,HungarianMatcher+BellmanFordStrategy,328,mixed,defect_at_iteration,171
C2,500,2,26,HungarianMatcher+BellmanFordStrategy,329,mixed,defect_at_iteration,170
C2,500,2,26,HungarianMatcher+BellmanFordStrategy,330,mixed,defect_at_iteration,169
C2,500,2,26,HungarianMatcher+BellmanFordStrategy,331,mixed,defect_at_iteration,168
C2,500,2,26,HungarianMatcher+BellmanFordStrategy,332,mixed,defect_at_iteration,167
C2,500,2,26,HungarianMatcher+BellmanFordStrategy,333,mixed,defect_at_iteration,166
C2,500,2,26,HungarianMatcher+BellmanFordStrategy,334,mixed,defect_at_iteration,165
C2,500,2,26,HungarianMatcher+BellmanFordStrategy,335,mixed,defect_at_iteration,164
C2,500,2,26,HungarianMatcher+BellmanFordStrategy,336,mixed,defect_at_iteration,163
C2,500,2,26,HungarianMatcher+BellmanFordStrategy,337,mixed,defect_at_iteration,162
C2,500,2,26,HungarianMatcher+BellmanFordStrategy,338,mixed,defect_at_iteration,161
C2,500,2,26,HungarianMatcher+BellmanFordStrategy,339,mixed,defect_at_iteration,160
C2,500,2,26,HungarianMatcher+BellmanFordStrategy,340,mixed,defect_at_iteration,159
C2,500,2,26,HungarianMatcher+BellmanFordStrategy,341,mixed,defect_at_iteration,158
C2,500,2,26,HungarianMatcher+BellmanFordStrategy,342,mixed,defect_at_iteration,157
C2,500,2,26,HungarianMatcher+BellmanFordStrategy,343,mixed,defect_at_iteration,156
C2,500,2,26,HungarianMatcher+BellmanFordStrategy,344,mixed,defect_at_iteration,155
C2,500,2,26,HungarianMatcher+BellmanFordStrategy,345,mixed,defect_at_iteration,154
C2,500,2,26,HungarianMatcher+BellmanFordStrategy,346,mixed,defect_at_iteration,153
C2,500,2,26,HungarianMatcher+BellmanFordStrategy,347,mixed,defect_at_iteration,152
C2,500,2,26,HungarianMatcher+BellmanFordStrategy,348,mixed,defect_at_iteration,151
C2,500,2,26,HungarianMatcher+BellmanFordStrategy,349,mixed,defect_at_iteration,150
C2,500,2,26,HungarianMatcher+BellmanFordStrategy,350,mixed,defect_at_iteration,149
C2,500,2,26,HungarianMatcher+BellmanFordStrategy,351,mixed,defect_at_iteration,148
C2,500,2,26,HungarianMatcher+BellmanFordStrategy,352,mixed,defect_at_iteration,147
C2,500,2,26,HungarianMatcher+BellmanFordStrategy,353,mixed,defect_at_iteration,146
C2,500,2,26,HungarianMatcher+BellmanFordStrategy,354,mixed,defect_at_iteration,145
C2,500,2,26,HungarianMatcher+BellmanFordStrategy,355,mixed,defect_at_iteration,144
C2,500,2,26,HungarianMatcher+BellmanFordStrategy,356,mixed,defect_at_iteration,143
C2,500,2,26,HungarianMatcher+BellmanFordStrategy,357,mixed,defect_at_iteration,142
C2,500,2,26,HungarianMatcher+BellmanFordStrategy,358,mixed,defect_at_iteration,141
C2,500,2,26,HungarianMatcher+BellmanFordStrategy,359,mixed,defect_at_iteration,140
C2,500,2,26,HungarianMatcher+BellmanFordStrategy,360,mixed,defect_at_iteration,139
C2,500,2,26,HungarianMatcher+BellmanFordStrategy,361,mixed,defect_at_iteration,138
C2,500,2,26,HungarianMatcher+BellmanFordStrategy,362,mixed,defect_at_iteration,137
C2,500,2,26,HungarianMatcher+BellmanFordStrategy,363,mixed,defect_at_iteration,136
C2,500,2,26,HungarianMatcher+BellmanFordStrategy,364,mixed,defect_at_iteration,135
C2,500,2,26,HungarianMatcher+BellmanFordStrategy,365,mixed,defect_at_iteration,134
C2,500,2,26,HungarianMatcher+BellmanFordStrategy,366,mixed,defect_at_iteration,133
C2,500,2,26,HungarianMatcher+BellmanFordStrategy,367,mixed,defect_at_iteration,132
C2,500,2,26,HungarianMatcher+BellmanFordStrategy,368,mixed,defect_at_iteration,131
C2,500,2,26,HungarianMatcher+BellmanFordStrategy,369,mixed,defect_at_iteration,130
C2,500,2,26,HungarianMatcher+BellmanFordStrategy,370,mixed,defect_at_iteration,129
C2,500,2,26,HungarianMatcher+BellmanFordStrategy,371,mixed,defect_at_iteration,128
C2,500,2,26,HungarianMatcher+BellmanFordStrategy,372,mixed,defect_at_iteration,127
C2,500,2,26,HungarianMatcher+BellmanFordStrategy,373,mixed,defect_at_iteration,126
C2,500,2,26,HungarianMatcher+BellmanFordStrategy,374,mixed,defect_at_iteration,125
C2,500,2,26,HungarianMatcher+BellmanFordStrategy,375,mixed,defect_at_iteration,124
C2,500,2,26,HungarianMatcher+BellmanFordStrategy,376,mixed,defect_at_iteration,123
C2,500,2,26,HungarianMatcher+BellmanFordStrategy,377,mixed,defect_at_iteration,122
C2,500,2,26,HungarianMatcher+BellmanFordStrategy,378,mixed,defect_at_iteration,121
C2,500,2,26,HungarianMatcher+BellmanFordStrategy,379,mixed,defect_at_iteration,120
C2,500,2,26,HungarianMatcher+BellmanFordStrategy,380,mixed,defect_at_iteration,119
C2,500,2,26,HungarianMatcher+BellmanFordStrategy,381,mixed,defect_at_iteration,118
C2,500,2,26,HungarianMatcher+BellmanFordStrategy,382,mixed,defect_at_iteration,117
C2,500,2,26,HungarianMatcher+BellmanFordStrategy,383,mixed,defect_at_iteration,116
C2,500,2,26,HungarianMatcher+BellmanFordStrategy,384,mixed,defect_at_iteration,115
C2,500,2,26,HungarianMatcher+BellmanFordStrategy,385,mixed,defect_at_iteration,114
C2,500,2,26,HungarianMatcher+BellmanFordStrategy,386,mixed,defect_at_iteration,113
C2,500,2,26,HungarianMatcher+BellmanFordStrategy,387,mixed,defect_at_iteration,112
C2,500,2,26,HungarianMatcher+BellmanFordStrategy,388,mixed,defect_at_iteration,111
C2,500,2,26,HungarianMatcher+BellmanFordStrategy,389,mixed,defect_at_iteration,110
C2,500,2,26,HungarianMatcher+BellmanFordStrategy,390,mixed,defect_at_iteration,109
C2,500,2,26,HungarianMatcher+BellmanFordStrategy,391,mixed,defect_at_iteration,108
C2,500,2,26,HungarianMatcher+BellmanFordStrategy,392,mixed,defect_at_iteration,107
C2,500,2,26,HungarianMatcher+BellmanFordStrategy,393,mixed,defect_at_iteration,106
C2,500,2,26,HungarianMatcher+BellmanFordStrategy,394,mixed,defect_at_iteration,105
C2,500,2,26,HungarianMatcher+BellmanFordStrategy,395,mixed,defect_at_iteration,104
C2,500,2,26,HungarianMatcher+BellmanFordStrategy,396,mixed,defect_at_iteration,103
C2,500,2,26,HungarianMatcher+BellmanFordStrategy,397,mixed,defect_at_iteration,102
C2,500,2,26,HungarianMatcher+BellmanFordStrategy,398,mixed,defect_at_iteration,101
C2,500,2,26,HungarianMatcher+BellmanFordStrategy,399,mixed,defect_at_iteration,100
C2,500,2,26,HungarianMatcher+BellmanFordStrategy,400,mixed,defect_at_iteration,99
C2,500,2,26,HungarianMatcher+BellmanFordStrategy,401,mixed,defect_at_iteration,98
C2,500,2,26,HungarianMatcher+BellmanFordStrategy,402,mixed,defect_at_iteration,97
C2,500,2,26,HungarianMatcher+BellmanFordStrategy,403,mixed,defect_at_iteration,96
C2,500,2,26,HungarianMatcher+BellmanFordStrategy,404,mixed,defect_at_iteration,95
C2,500,2,26,HungarianMatcher+BellmanFordStrategy,405,mixed,defect_at_iteration,94
C2,500,2,26,HungarianMatcher+BellmanFordStrategy,406,mixed,defect_at_iteration,93
C2,500,2,26,HungarianMatcher+BellmanFordStrategy,407,mixed,defect_at_iteration,92
C2,500,2,26,HungarianMatcher+BellmanFordStrategy,408,mixed,defect_at_iteration,91
C2,500,2,26,HungarianMatcher+BellmanFordStrategy,409,mixed,defect_at_iteration,90
C2,500,2,26,HungarianMatcher+BellmanFordStrategy,410,mixed,defect_at_iteration,89
C2,500,2,26,HungarianMatcher+BellmanFordStrategy,411,mixed,defect_at_iteration,88
C2,500,2,26,HungarianMatcher+BellmanFordStrategy,412,mixed,defect_at_iteration,87
C2,500,2,26,HungarianMatcher+BellmanFordStrategy,413,mixed,defect_at_iteration,86
C2,500,2,26,HungarianMatcher+BellmanFordStrategy,414,mixed,defect_at_iteration,85
C2,500,2,26,HungarianMatcher+BellmanFordStrategy,415,mixed,defect_at_iteration,84
C2,500,2,26,HungarianMatcher+BellmanFordStrategy,416,mixed,defect_at_iteration,83
C2,500,2,26,HungarianMatcher+BellmanFordStrategy,417,mixed,defect_at_iteration,82
C2,500,2,26,HungarianMatcher+BellmanFordStrategy,418,mixed,defect_at_iteration,81
C2,500,2,26,HungarianMatcher+BellmanFordStrategy,419,mixed,defect_at_iteration,80
C2,500,2,26,HungarianMatcher+BellmanFordStrategy,420,mixed,defect_at_iteration,79
C2,500,2,26,HungarianMatcher+BellmanFordStrategy,421,mixed,defect_at_iteration,78
C2,500,2,26,HungarianMatcher+BellmanFordStrategy,422,mixed,defect_at_iteration,77
C2,500,2,26,HungarianMatcher+BellmanFordStrategy,423,mixed,defect_at_iteration,76
C2,500,2,26,HungarianMatcher+BellmanFordStrategy,424,mixed,defect_at_iteration,75
C2,500,2,26,HungarianMatcher+BellmanFordStrategy,425,mixed,defect_at_iteration,74
C2,500,2,26,HungarianMatcher+BellmanFordStrategy,426,mixed,defect_at_iteration,73
C2,500,2,26,HungarianMatcher+BellmanFordStrategy,427,mixed,defect_at_iteration,72
C2,500,2,26,HungarianMatcher+BellmanFordStrategy,428,mixed,defect_at_iteration,71
C2,500,2,26,HungarianMatcher+BellmanFordStrategy,429,mixed,defect_at_iteration,70
C2,500,2,26,HungarianMatcher+BellmanFordStrategy,430,mixed,defect_at_iteration,69
C2,500,2,26,HungarianMatcher+BellmanFordStrategy,431,mixed,defect_at_iteration,68
C2,500,2,26,HungarianMatcher+BellmanFordStrategy,432,mixed,defect_at_iteration,67
C2,500,2,26,HungarianMatcher+BellmanFordStrategy,433,mixed,defect_at_iteration,66
C2,500,2,26,HungarianMatcher+BellmanFordStrategy,434,mixed,defect_at_iteration,65
C2,500,2,26,HungarianMatcher+BellmanFordStrategy,435,mixed,defect_at_iteration,64
C2,500,2,26,HungarianMatcher+BellmanFordStrategy,436,mixed,defect_at_iteration,63
C2,500,2,26,HungarianMatcher+BellmanFordStrategy,437,mixed,defect_at_iteration,62
C2,500,2,26,HungarianMatcher+BellmanFordStrategy,438,mixed,defect_at_iteration,61
C2,500,2,26,HungarianMatcher+BellmanFordStrategy,439,mixed,defect_at_iteration,60
C2,500,2,26,HungarianMatcher+BellmanFordStrategy,440,mixed,defect_at_iteration,59
C2,500,2,26,HungarianMatcher+BellmanFordStrategy,441,mixed,defect_at_iteration,58
C2,500,2,26,HungarianMatcher+BellmanFordStrategy,442,mixed,defect_at_iteration,57
C2,500,2,26,HungarianMatcher+BellmanFordStrategy,443,mixed,defect_at_iteration,56
C2,500,2,26,HungarianMatcher+BellmanFordStrategy,444,mixed,defect_at_iteration,55
C2,500,2,26,HungarianMatcher+BellmanFordStrategy,445,mixed,defect_at_iteration,54
C2,500,2,26,HungarianMatcher+BellmanFordStrategy,446,mixed,defect_at_iteration,53
C2,500,2,26,HungarianMatcher+BellmanFordStrategy,447,mixed,defect_at_iteration,52
C2,500,2,26,HungarianMatcher+BellmanFordStrategy,448,mixed,defect_at_iteration,51
C2,500,2,26,HungarianMatcher+BellmanFordStrategy,449,mixed,defect_at_iteration,50
C2,500,2,26,HungarianMatcher+BellmanFordStrategy,450,mixed,defect_at_iteration,49
C2,500,2,26,HungarianMatcher+BellmanFordStrategy,451,mixed,defect_at_iteration,48
C2,500,2,26,HungarianMatcher+BellmanFordStrategy,452,mixed,defect_at_iteration,47
C2,500,2,26,HungarianMatcher+BellmanFordStrategy,453,mixed,defect_at_iteration,46
C2,500,2,26,HungarianMatcher+BellmanFordStrategy,454,mixed,defect_at_iteration,45
C2,500,2,26,HungarianMatcher+BellmanFordStrategy,455,mixed,defect_at_iteration,44
C2,500,2,26,HungarianMatcher+BellmanFordStrategy,456,mixed,defect_at_iteration,43
C2,500,2,26,HungarianMatcher+BellmanFordStrategy,457,mixed,defect_at_iteration,42
C2,500,2,26,HungarianMatcher+BellmanFordStrategy,458,mixed,defect_at_iteration,41
C2,500,2,26,HungarianMatcher+BellmanFordStrategy,459,mixed,defect_at_iteration,40
C2,500,2,26,HungarianMatcher+BellmanFordStrategy,460,mixed,defect_at_iteration,39
C2,500,2,26,HungarianMatcher+BellmanFordStrategy,461,mixed,defect_at_iteration,38
C2,500,2,26,HungarianMatcher+BellmanFordStrategy,462,mixed,defect_at_iteration,37
C2,500,2,26,HungarianMatcher+BellmanFordStrategy,463,mixed,defect_at_iteration,36
C2,500,2,26,HungarianMatcher+BellmanFordStrategy,464,mixed,defect_at_iteration,35
C2,500,2,26,HungarianMatcher+BellmanFordStrategy,465,mixed,defect_at_iteration,34
C2,500,2,26,HungarianMatcher+BellmanFordStrategy,466,mixed,defect_at_iteration,33
C2,500,2,26,HungarianMatcher+BellmanFordStrategy,467,mixed,defect_at_iteration,32
C2,500,2,26,HungarianMatcher+BellmanFordStrategy,468,mixed,defect_at_iteration,31
C2,500,2,26,HungarianMatcher+BellmanFordStrategy,469,mixed,defect_at_iteration,30
C2,500,2,26,HungarianMatcher+BellmanFordStrategy,470,mixed,defect_at_iteration,29
C2,500,2,26,HungarianMatcher+BellmanFordStrategy,471,mixed,defect_at_iteration,28
C2,500,2,26,HungarianMatcher+BellmanFordStrategy,472,mixed,defect_at_iteration,27
C2,500,2,26,HungarianMatcher+BellmanFordStrategy,473,mixed,defect_at_iteration,26
C2,500,2,26,HungarianMatcher+BellmanFordStrategy,474,mixed,defect_at_iteration,25
C2,500,2,26,HungarianMatcher+BellmanFordStrategy,475,mixed,defect_at_iteration,24
C2,500,2,26,HungarianMatcher+BellmanFordStrategy,476,mixed,defect_at_iteration,23
C2,500,2,26,HungarianMatcher+BellmanFordStrategy,477,mixed,defect_at_iteration,22
C2,500,2,26,HungarianMatcher+BellmanFordStrategy,478,mixed,defect_at_iteration,21
C2,500,2,26,HungarianMatcher+BellmanFordStrategy,479,mixed,defect_at_iteration,20
C2,500,2,26,HungarianMatcher+BellmanFordStrategy,480,mixed,defect_at_iteration,19
C2,500,2,26,HungarianMatcher+BellmanFordStrategy,481,mixed,defect_at_iteration,18
C2,500,2,26,HungarianMatcher+BellmanFordStrategy,482,mixed,defect_at_iteration,17
C2,500,2,26,HungarianMatcher+BellmanFordStrategy,483,mixed,defect_at_iteration,16
C2,500,2,26,HungarianMatcher+BellmanFordStrategy,484,mixed,defect_at_iteration,15
C2,500,2,26,HungarianMatcher+BellmanFordStrategy,485,mixed,defect_at_iteration,14
C2,500,2,26,HungarianMatcher+BellmanFordStrategy,486,mixed,defect_at_iteration,13
C2,500,2,26,HungarianMatcher+BellmanFordStrategy,487,mixed,defect_at_iteration,12
C2,500,2,26,HungarianMatcher+BellmanFordStrategy,488,mixed,defect_at_iteration,11
C2,500,2,26,HungarianMatcher+BellmanFordStrategy,489,mixed,defect_at_iteration,10
C2,500,2,26,HungarianMatcher+BellmanFordStrategy,490,mixed,defect_at_iteration,9
C2,500,2,26,HungarianMatcher+BellmanFordStrategy,491,mixed,defect_at_iteration,8
C2,500,2,26,HungarianMatcher+BellmanFordStrategy,492,mixed,defect_at_iteration,7
C2,500,2,26,HungarianMatcher+BellmanFordStrategy,493,mixed,defect_at_iteration,6
C2,500,2,26,HungarianMatcher+BellmanFordStrategy,494,mixed,defect_at_iteration,5
C2,500,2,26,HungarianMatcher+BellmanFordStrategy,495,mixed,defect_at_iteration,4
C2,500,2,26,HungarianMatcher+BellmanFordStrategy,496,mixed,defect_at_iteration,3
C2,500,2,26,HungarianMatcher+BellmanFordStrategy,497,mixed,defect_at_iteration,2
C2,500,2,26,HungarianMatcher+BellmanFordStrategy,498,mixed,defect_at_iteration,1
C2,500,2,26,HungarianMatcher+BellmanFordStrategy,499,mixed,defect_at_iteration,0
C2,500,2,26,HungarianMatcher+BellmanFordStrategy,-1,mixed,augmentation_count,500
C2,500,2,26,HungarianMatcher+BellmanFordStrategy,-1,mixed,matching_value,-1.18921e+08
C2,500,2,26,HungarianMatcher+BellmanFordStrategy,-1,mixed,matching_size,500
C2,500,2,26,HungarianMatcher+BellmanFordStrategy,-1,mixed,wall_clock_ms,637.985
C2,500,2,26,HungarianMatcher+JohnsonDijkstraStrategy,0,mixed,edge_relaxations,250000
C2,500,2,26,HungarianMatcher+JohnsonDijkstraStrategy,0,mixed,defect_at_iteration,499
C2,500,2,26,HungarianMatcher+JohnsonDijkstraStrategy,1,mixed,edge_relaxations,250000
C2,500,2,26,HungarianMatcher+JohnsonDijkstraStrategy,1,mixed,defect_at_iteration,498
C2,500,2,26,HungarianMatcher+JohnsonDijkstraStrategy,2,mixed,edge_relaxations,250000
C2,500,2,26,HungarianMatcher+JohnsonDijkstraStrategy,2,mixed,defect_at_iteration,497
C2,500,2,26,HungarianMatcher+JohnsonDijkstraStrategy,3,mixed,edge_relaxations,250000
C2,500,2,26,HungarianMatcher+JohnsonDijkstraStrategy,3,mixed,defect_at_iteration,496
C2,500,2,26,HungarianMatcher+JohnsonDijkstraStrategy,4,mixed,edge_relaxations,250000
C2,500,2,26,HungarianMatcher+JohnsonDijkstraStrategy,4,mixed,defect_at_iteration,495
C2,500,2,26,HungarianMatcher+JohnsonDijkstraStrategy,5,mixed,edge_relaxations,250000
C2,500,2,26,HungarianMatcher+JohnsonDijkstraStrategy,5,mixed,defect_at_iteration,494
C2,500,2,26,HungarianMatcher+JohnsonDijkstraStrategy,6,mixed,edge_relaxations,250000
C2,500,2,26,HungarianMatcher+JohnsonDijkstraStrategy,6,mixed,defect_at_iteration,493
C2,500,2,26,HungarianMatcher+JohnsonDijkstraStrategy,7,mixed,edge_relaxations,250000
C2,500,2,26,HungarianMatcher+JohnsonDijkstraStrategy,7,mixed,defect_at_iteration,492
C2,500,2,26,HungarianMatcher+JohnsonDijkstraStrategy,8,mixed,edge_relaxations,250000
C2,500,2,26,HungarianMatcher+JohnsonDijkstraStrategy,8,mixed,defect_at_iteration,491
C2,500,2,26,HungarianMatcher+JohnsonDijkstraStrategy,9,mixed,edge_relaxations,250000
C2,500,2,26,HungarianMatcher+JohnsonDijkstraStrategy,9,mixed,defect_at_iteration,490
C2,500,2,26,HungarianMatcher+JohnsonDijkstraStrategy,10,mixed,edge_relaxations,250000
C2,500,2,26,HungarianMatcher+JohnsonDijkstraStrategy,10,mixed,defect_at_iteration,489
C2,500,2,26,HungarianMatcher+JohnsonDijkstraStrategy,11,mixed,edge_relaxations,250000
C2,500,2,26,HungarianMatcher+JohnsonDijkstraStrategy,11,mixed,defect_at_iteration,488
C2,500,2,26,HungarianMatcher+JohnsonDijkstraStrategy,12,mixed,edge_relaxations,250000
C2,500,2,26,HungarianMatcher+JohnsonDijkstraStrategy,12,mixed,defect_at_iteration,487
C2,500,2,26,HungarianMatcher+JohnsonDijkstraStrategy,13,mixed,edge_relaxations,250000
C2,500,2,26,HungarianMatcher+JohnsonDijkstraStrategy,13,mixed,defect_at_iteration,486
C2,500,2,26,HungarianMatcher+JohnsonDijkstraStrategy,14,mixed,edge_relaxations,250000
C2,500,2,26,HungarianMatcher+JohnsonDijkstraStrategy,14,mixed,defect_at_iteration,485
C2,500,2,26,HungarianMatcher+JohnsonDijkstraStrategy,15,mixed,edge_relaxations,250000
C2,500,2,26,HungarianMatcher+JohnsonDijkstraStrategy,15,mixed,defect_at_iteration,484
C2,500,2,26,HungarianMatcher+JohnsonDijkstraStrategy,16,mixed,edge_relaxations,250000
C2,500,2,26,HungarianMatcher+JohnsonDijkstraStrategy,16,mixed,defect_at_iteration,483
C2,500,2,26,HungarianMatcher+JohnsonDijkstraStrategy,17,mixed,edge_relaxations,250000
C2,500,2,26,HungarianMatcher+JohnsonDijkstraStrategy,17,mixed,defect_at_iteration,482
C2,500,2,26,HungarianMatcher+JohnsonDijkstraStrategy,18,mixed,edge_relaxations,250000
C2,500,2,26,HungarianMatcher+JohnsonDijkstraStrategy,18,mixed,defect_at_iteration,481
C2,500,2,26,HungarianMatcher+JohnsonDijkstraStrategy,19,mixed,edge_relaxations,250000
C2,500,2,26,HungarianMatcher+JohnsonDijkstraStrategy,19,mixed,defect_at_iteration,480
C2,500,2,26,HungarianMatcher+JohnsonDijkstraStrategy,20,mixed,edge_relaxations,250000
C2,500,2,26,HungarianMatcher+JohnsonDijkstraStrategy,20,mixed,defect_at_iteration,479
C2,500,2,26,HungarianMatcher+JohnsonDijkstraStrategy,21,mixed,edge_relaxations,250000
C2,500,2,26,HungarianMatcher+JohnsonDijkstraStrategy,21,mixed,defect_at_iteration,478
C2,500,2,26,HungarianMatcher+JohnsonDijkstraStrategy,22,mixed,edge_relaxations,250000
C2,500,2,26,HungarianMatcher+JohnsonDijkstraStrategy,22,mixed,defect_at_iteration,477
C2,500,2,26,HungarianMatcher+JohnsonDijkstraStrategy,23,mixed,edge_relaxations,250000
C2,500,2,26,HungarianMatcher+JohnsonDijkstraStrategy,23,mixed,defect_at_iteration,476
C2,500,2,26,HungarianMatcher+JohnsonDijkstraStrategy,24,mixed,edge_relaxations,250000
C2,500,2,26,HungarianMatcher+JohnsonDijkstraStrategy,24,mixed,defect_at_iteration,475
C2,500,2,26,HungarianMatcher+JohnsonDijkstraStrategy,25,mixed,edge_relaxations,250000
C2,500,2,26,HungarianMatcher+JohnsonDijkstraStrategy,25,mixed,defect_at_iteration,474
C2,500,2,26,HungarianMatcher+JohnsonDijkstraStrategy,26,mixed,edge_relaxations,250000
C2,500,2,26,HungarianMatcher+JohnsonDijkstraStrategy,26,mixed,defect_at_iteration,473
C2,500,2,26,HungarianMatcher+JohnsonDijkstraStrategy,27,mixed,edge_relaxations,250000
C2,500,2,26,HungarianMatcher+JohnsonDijkstraStrategy,27,mixed,defect_at_iteration,472
C2,500,2,26,HungarianMatcher+JohnsonDijkstraStrategy,28,mixed,edge_relaxations,250000
C2,500,2,26,HungarianMatcher+JohnsonDijkstraStrategy,28,mixed,defect_at_iteration,471
C2,500,2,26,HungarianMatcher+JohnsonDijkstraStrategy,29,mixed,edge_relaxations,250000
C2,500,2,26,HungarianMatcher+JohnsonDijkstraStrategy,29,mixed,defect_at_iteration,470
C2,500,2,26,HungarianMatcher+JohnsonDijkstraStrategy,30,mixed,edge_relaxations,250000
C2,500,2,26,HungarianMatcher+JohnsonDijkstraStrategy,30,mixed,defect_at_iteration,469
C2,500,2,26,HungarianMatcher+JohnsonDijkstraStrategy,31,mixed,edge_relaxations,250000
C2,500,2,26,HungarianMatcher+JohnsonDijkstraStrategy,31,mixed,defect_at_iteration,468
C2,500,2,26,HungarianMatcher+JohnsonDijkstraStrategy,32,mixed,edge_relaxations,250000
C2,500,2,26,HungarianMatcher+JohnsonDijkstraStrategy,32,mixed,defect_at_iteration,467
C2,500,2,26,HungarianMatcher+JohnsonDijkstraStrategy,33,mixed,edge_relaxations,250000
C2,500,2,26,HungarianMatcher+JohnsonDijkstraStrategy,33,mixed,defect_at_iteration,466
C2,500,2,26,HungarianMatcher+JohnsonDijkstraStrategy,34,mixed,edge_relaxations,250000
C2,500,2,26,HungarianMatcher+JohnsonDijkstraStrategy,34,mixed,defect_at_iteration,465
C2,500,2,26,HungarianMatcher+JohnsonDijkstraStrategy,35,mixed,edge_relaxations,250000
C2,500,2,26,HungarianMatcher+JohnsonDijkstraStrategy,35,mixed,defect_at_iteration,464
C2,500,2,26,HungarianMatcher+JohnsonDijkstraStrategy,36,mixed,edge_relaxations,250000
C2,500,2,26,HungarianMatcher+JohnsonDijkstraStrategy,36,mixed,defect_at_iteration,463
C2,500,2,26,HungarianMatcher+JohnsonDijkstraStrategy,37,mixed,edge_relaxations,250000
C2,500,2,26,HungarianMatcher+JohnsonDijkstraStrategy,37,mixed,defect_at_iteration,462
C2,500,2,26,HungarianMatcher+JohnsonDijkstraStrategy,38,mixed,edge_relaxations,250000
C2,500,2,26,HungarianMatcher+JohnsonDijkstraStrategy,38,mixed,defect_at_iteration,461
C2,500,2,26,HungarianMatcher+JohnsonDijkstraStrategy,39,mixed,edge_relaxations,250000
C2,500,2,26,HungarianMatcher+JohnsonDijkstraStrategy,39,mixed,defect_at_iteration,460
C2,500,2,26,HungarianMatcher+JohnsonDijkstraStrategy,40,mixed,edge_relaxations,250000
C2,500,2,26,HungarianMatcher+JohnsonDijkstraStrategy,40,mixed,defect_at_iteration,459
C2,500,2,26,HungarianMatcher+JohnsonDijkstraStrategy,41,mixed,edge_relaxations,250000
C2,500,2,26,HungarianMatcher+JohnsonDijkstraStrategy,41,mixed,defect_at_iteration,458
C2,500,2,26,HungarianMatcher+JohnsonDijkstraStrategy,42,mixed,edge_relaxations,250000
C2,500,2,26,HungarianMatcher+JohnsonDijkstraStrategy,42,mixed,defect_at_iteration,457
C2,500,2,26,HungarianMatcher+JohnsonDijkstraStrategy,43,mixed,edge_relaxations,250000
C2,500,2,26,HungarianMatcher+JohnsonDijkstraStrategy,43,mixed,defect_at_iteration,456
C2,500,2,26,HungarianMatcher+JohnsonDijkstraStrategy,44,mixed,edge_relaxations,250000
C2,500,2,26,HungarianMatcher+JohnsonDijkstraStrategy,44,mixed,defect_at_iteration,455
C2,500,2,26,HungarianMatcher+JohnsonDijkstraStrategy,45,mixed,edge_relaxations,250000
C2,500,2,26,HungarianMatcher+JohnsonDijkstraStrategy,45,mixed,defect_at_iteration,454
C2,500,2,26,HungarianMatcher+JohnsonDijkstraStrategy,46,mixed,edge_relaxations,250000
C2,500,2,26,HungarianMatcher+JohnsonDijkstraStrategy,46,mixed,defect_at_iteration,453
C2,500,2,26,HungarianMatcher+JohnsonDijkstraStrategy,47,mixed,edge_relaxations,250000
C2,500,2,26,HungarianMatcher+JohnsonDijkstraStrategy,47,mixed,defect_at_iteration,452
C2,500,2,26,HungarianMatcher+JohnsonDijkstraStrategy,48,mixed,edge_relaxations,250000
C2,500,2,26,HungarianMatcher+JohnsonDijkstraStrategy,48,mixed,defect_at_iteration,451
C2,500,2,26,HungarianMatcher+JohnsonDijkstraStrategy,49,mixed,edge_relaxations,250000
C2,500,2,26,HungarianMatcher+JohnsonDijkstraStrategy,49,mixed,defect_at_iteration,450
C2,500,2,26,HungarianMatcher+JohnsonDijkstraStrategy,50,mixed,edge_relaxations,250000
C2,500,2,26,HungarianMatcher+JohnsonDijkstraStrategy,50,mixed,defect_at_iteration,449
C2,500,2,26,HungarianMatcher+JohnsonDijkstraStrategy,51,mixed,edge_relaxations,250000
C2,500,2,26,HungarianMatcher+JohnsonDijkstraStrategy,51,mixed,defect_at_iteration,448
C2,500,2,26,HungarianMatcher+JohnsonDijkstraStrategy,52,mixed,edge_relaxations,250000
C2,500,2,26,HungarianMatcher+JohnsonDijkstraStrategy,52,mixed,defect_at_iteration,447
C2,500,2,26,HungarianMatcher+JohnsonDijkstraStrategy,53,mixed,edge_relaxations,250000
C2,500,2,26,HungarianMatcher+JohnsonDijkstraStrategy,53,mixed,defect_at_iteration,446
C2,500,2,26,HungarianMatcher+JohnsonDijkstraStrategy,54,mixed,edge_relaxations,250000
C2,500,2,26,HungarianMatcher+JohnsonDijkstraStrategy,54,mixed,defect_at_iteration,445
C2,500,2,26,HungarianMatcher+JohnsonDijkstraStrategy,55,mixed,edge_relaxations,250000
C2,500,2,26,HungarianMatcher+JohnsonDijkstraStrategy,55,mixed,defect_at_iteration,444
C2,500,2,26,HungarianMatcher+JohnsonDijkstraStrategy,56,mixed,edge_relaxations,250000
C2,500,2,26,HungarianMatcher+JohnsonDijkstraStrategy,56,mixed,defect_at_iteration,443
C2,500,2,26,HungarianMatcher+JohnsonDijkstraStrategy,57,mixed,edge_relaxations,250000
C2,500,2,26,HungarianMatcher+JohnsonDijkstraStrategy,57,mixed,defect_at_iteration,442
C2,500,2,26,HungarianMatcher+JohnsonDijkstraStrategy,58,mixed,edge_relaxations,250000
C2,500,2,26,HungarianMatcher+JohnsonDijkstraStrategy,58,mixed,defect_at_iteration,441
C2,500,2,26,HungarianMatcher+JohnsonDijkstraStrategy,59,mixed,edge_relaxations,250000
C2,500,2,26,HungarianMatcher+JohnsonDijkstraStrategy,59,mixed,defect_at_iteration,440
C2,500,2,26,HungarianMatcher+JohnsonDijkstraStrategy,60,mixed,edge_relaxations,250000
C2,500,2,26,HungarianMatcher+JohnsonDijkstraStrategy,60,mixed,defect_at_iteration,439
C2,500,2,26,HungarianMatcher+JohnsonDijkstraStrategy,61,mixed,edge_relaxations,250000
C2,500,2,26,HungarianMatcher+JohnsonDijkstraStrategy,61,mixed,defect_at_iteration,438
C2,500,2,26,HungarianMatcher+JohnsonDijkstraStrategy,62,mixed,edge_relaxations,250000
C2,500,2,26,HungarianMatcher+JohnsonDijkstraStrategy,62,mixed,defect_at_iteration,437
C2,500,2,26,HungarianMatcher+JohnsonDijkstraStrategy,63,mixed,edge_relaxations,250000
C2,500,2,26,HungarianMatcher+JohnsonDijkstraStrategy,63,mixed,defect_at_iteration,436
C2,500,2,26,HungarianMatcher+JohnsonDijkstraStrategy,64,mixed,edge_relaxations,250000
C2,500,2,26,HungarianMatcher+JohnsonDijkstraStrategy,64,mixed,defect_at_iteration,435
C2,500,2,26,HungarianMatcher+JohnsonDijkstraStrategy,65,mixed,edge_relaxations,250000
C2,500,2,26,HungarianMatcher+JohnsonDijkstraStrategy,65,mixed,defect_at_iteration,434
C2,500,2,26,HungarianMatcher+JohnsonDijkstraStrategy,66,mixed,edge_relaxations,250000
C2,500,2,26,HungarianMatcher+JohnsonDijkstraStrategy,66,mixed,defect_at_iteration,433
C2,500,2,26,HungarianMatcher+JohnsonDijkstraStrategy,67,mixed,edge_relaxations,250000
C2,500,2,26,HungarianMatcher+JohnsonDijkstraStrategy,67,mixed,defect_at_iteration,432
C2,500,2,26,HungarianMatcher+JohnsonDijkstraStrategy,68,mixed,edge_relaxations,250000
C2,500,2,26,HungarianMatcher+JohnsonDijkstraStrategy,68,mixed,defect_at_iteration,431
C2,500,2,26,HungarianMatcher+JohnsonDijkstraStrategy,69,mixed,edge_relaxations,250000
C2,500,2,26,HungarianMatcher+JohnsonDijkstraStrategy,69,mixed,defect_at_iteration,430
C2,500,2,26,HungarianMatcher+JohnsonDijkstraStrategy,70,mixed,edge_relaxations,250000
C2,500,2,26,HungarianMatcher+JohnsonDijkstraStrategy,70,mixed,defect_at_iteration,429
C2,500,2,26,HungarianMatcher+JohnsonDijkstraStrategy,71,mixed,edge_relaxations,250000
C2,500,2,26,HungarianMatcher+JohnsonDijkstraStrategy,71,mixed,defect_at_iteration,428
C2,500,2,26,HungarianMatcher+JohnsonDijkstraStrategy,72,mixed,edge_relaxations,250000
C2,500,2,26,HungarianMatcher+JohnsonDijkstraStrategy,72,mixed,defect_at_iteration,427
C2,500,2,26,HungarianMatcher+JohnsonDijkstraStrategy,73,mixed,edge_relaxations,250000
C2,500,2,26,HungarianMatcher+JohnsonDijkstraStrategy,73,mixed,defect_at_iteration,426
C2,500,2,26,HungarianMatcher+JohnsonDijkstraStrategy,74,mixed,edge_relaxations,250000
C2,500,2,26,HungarianMatcher+JohnsonDijkstraStrategy,74,mixed,defect_at_iteration,425
C2,500,2,26,HungarianMatcher+JohnsonDijkstraStrategy,75,mixed,edge_relaxations,250000
C2,500,2,26,HungarianMatcher+JohnsonDijkstraStrategy,75,mixed,defect_at_iteration,424
C2,500,2,26,HungarianMatcher+JohnsonDijkstraStrategy,76,mixed,edge_relaxations,250000
C2,500,2,26,HungarianMatcher+JohnsonDijkstraStrategy,76,mixed,defect_at_iteration,423
C2,500,2,26,HungarianMatcher+JohnsonDijkstraStrategy,77,mixed,edge_relaxations,250000
C2,500,2,26,HungarianMatcher+JohnsonDijkstraStrategy,77,mixed,defect_at_iteration,422
C2,500,2,26,HungarianMatcher+JohnsonDijkstraStrategy,78,mixed,edge_relaxations,250000
C2,500,2,26,HungarianMatcher+JohnsonDijkstraStrategy,78,mixed,defect_at_iteration,421
C2,500,2,26,HungarianMatcher+JohnsonDijkstraStrategy,79,mixed,edge_relaxations,250000
C2,500,2,26,HungarianMatcher+JohnsonDijkstraStrategy,79,mixed,defect_at_iteration,420
C2,500,2,26,HungarianMatcher+JohnsonDijkstraStrategy,80,mixed,edge_relaxations,250000
C2,500,2,26,HungarianMatcher+JohnsonDijkstraStrategy,80,mixed,defect_at_iteration,419
C2,500,2,26,HungarianMatcher+JohnsonDijkstraStrategy,81,mixed,edge_relaxations,250000
C2,500,2,26,HungarianMatcher+JohnsonDijkstraStrategy,81,mixed,defect_at_iteration,418
C2,500,2,26,HungarianMatcher+JohnsonDijkstraStrategy,82,mixed,edge_relaxations,250000
C2,500,2,26,HungarianMatcher+JohnsonDijkstraStrategy,82,mixed,defect_at_iteration,417
C2,500,2,26,HungarianMatcher+JohnsonDijkstraStrategy,83,mixed,edge_relaxations,250000
C2,500,2,26,HungarianMatcher+JohnsonDijkstraStrategy,83,mixed,defect_at_iteration,416
C2,500,2,26,HungarianMatcher+JohnsonDijkstraStrategy,84,mixed,edge_relaxations,250000
C2,500,2,26,HungarianMatcher+JohnsonDijkstraStrategy,84,mixed,defect_at_iteration,415
C2,500,2,26,HungarianMatcher+JohnsonDijkstraStrategy,85,mixed,edge_relaxations,250000
C2,500,2,26,HungarianMatcher+JohnsonDijkstraStrategy,85,mixed,defect_at_iteration,414
C2,500,2,26,HungarianMatcher+JohnsonDijkstraStrategy,86,mixed,edge_relaxations,250000
C2,500,2,26,HungarianMatcher+JohnsonDijkstraStrategy,86,mixed,defect_at_iteration,413
C2,500,2,26,HungarianMatcher+JohnsonDijkstraStrategy,87,mixed,edge_relaxations,250000
C2,500,2,26,HungarianMatcher+JohnsonDijkstraStrategy,87,mixed,defect_at_iteration,412
C2,500,2,26,HungarianMatcher+JohnsonDijkstraStrategy,88,mixed,edge_relaxations,250000
C2,500,2,26,HungarianMatcher+JohnsonDijkstraStrategy,88,mixed,defect_at_iteration,411
C2,500,2,26,HungarianMatcher+JohnsonDijkstraStrategy,89,mixed,edge_relaxations,250000
C2,500,2,26,HungarianMatcher+JohnsonDijkstraStrategy,89,mixed,defect_at_iteration,410
C2,500,2,26,HungarianMatcher+JohnsonDijkstraStrategy,90,mixed,edge_relaxations,250000
C2,500,2,26,HungarianMatcher+JohnsonDijkstraStrategy,90,mixed,defect_at_iteration,409
C2,500,2,26,HungarianMatcher+JohnsonDijkstraStrategy,91,mixed,edge_relaxations,250000
C2,500,2,26,HungarianMatcher+JohnsonDijkstraStrategy,91,mixed,defect_at_iteration,408
C2,500,2,26,HungarianMatcher+JohnsonDijkstraStrategy,92,mixed,edge_relaxations,250000
C2,500,2,26,HungarianMatcher+JohnsonDijkstraStrategy,92,mixed,defect_at_iteration,407
C2,500,2,26,HungarianMatcher+JohnsonDijkstraStrategy,93,mixed,edge_relaxations,250000
C2,500,2,26,HungarianMatcher+JohnsonDijkstraStrategy,93,mixed,defect_at_iteration,406
C2,500,2,26,HungarianMatcher+JohnsonDijkstraStrategy,94,mixed,edge_relaxations,250000
C2,500,2,26,HungarianMatcher+JohnsonDijkstraStrategy,94,mixed,defect_at_iteration,405
C2,500,2,26,HungarianMatcher+JohnsonDijkstraStrategy,95,mixed,edge_relaxations,250000
C2,500,2,26,HungarianMatcher+JohnsonDijkstraStrategy,95,mixed,defect_at_iteration,404
C2,500,2,26,HungarianMatcher+JohnsonDijkstraStrategy,96,mixed,edge_relaxations,250000
C2,500,2,26,HungarianMatcher+JohnsonDijkstraStrategy,96,mixed,defect_at_iteration,403
C2,500,2,26,HungarianMatcher+JohnsonDijkstraStrategy,97,mixed,edge_relaxations,250000
C2,500,2,26,HungarianMatcher+JohnsonDijkstraStrategy,97,mixed,defect_at_iteration,402
C2,500,2,26,HungarianMatcher+JohnsonDijkstraStrategy,98,mixed,edge_relaxations,250000
C2,500,2,26,HungarianMatcher+JohnsonDijkstraStrategy,98,mixed,defect_at_iteration,401
C2,500,2,26,HungarianMatcher+JohnsonDijkstraStrategy,99,mixed,edge_relaxations,250000
C2,500,2,26,HungarianMatcher+JohnsonDijkstraStrategy,99,mixed,defect_at_iteration,400
C2,500,2,26,HungarianMatcher+JohnsonDijkstraStrategy,100,mixed,edge_relaxations,250000
C2,500,2,26,HungarianMatcher+JohnsonDijkstraStrategy,100,mixed,defect_at_iteration,399
C2,500,2,26,HungarianMatcher+JohnsonDijkstraStrategy,101,mixed,edge_relaxations,250000
C2,500,2,26,HungarianMatcher+JohnsonDijkstraStrategy,101,mixed,defect_at_iteration,398
C2,500,2,26,HungarianMatcher+JohnsonDijkstraStrategy,102,mixed,edge_relaxations,250000
C2,500,2,26,HungarianMatcher+JohnsonDijkstraStrategy,102,mixed,defect_at_iteration,397
C2,500,2,26,HungarianMatcher+JohnsonDijkstraStrategy,103,mixed,edge_relaxations,250000
C2,500,2,26,HungarianMatcher+JohnsonDijkstraStrategy,103,mixed,defect_at_iteration,396
C2,500,2,26,HungarianMatcher+JohnsonDijkstraStrategy,104,mixed,edge_relaxations,250000
C2,500,2,26,HungarianMatcher+JohnsonDijkstraStrategy,104,mixed,defect_at_iteration,395
C2,500,2,26,HungarianMatcher+JohnsonDijkstraStrategy,105,mixed,edge_relaxations,250000
C2,500,2,26,HungarianMatcher+JohnsonDijkstraStrategy,105,mixed,defect_at_iteration,394
C2,500,2,26,HungarianMatcher+JohnsonDijkstraStrategy,106,mixed,edge_relaxations,250000
C2,500,2,26,HungarianMatcher+JohnsonDijkstraStrategy,106,mixed,defect_at_iteration,393
C2,500,2,26,HungarianMatcher+JohnsonDijkstraStrategy,107,mixed,edge_relaxations,250000
C2,500,2,26,HungarianMatcher+JohnsonDijkstraStrategy,107,mixed,defect_at_iteration,392
C2,500,2,26,HungarianMatcher+JohnsonDijkstraStrategy,108,mixed,edge_relaxations,250000
C2,500,2,26,HungarianMatcher+JohnsonDijkstraStrategy,108,mixed,defect_at_iteration,391
C2,500,2,26,HungarianMatcher+JohnsonDijkstraStrategy,109,mixed,edge_relaxations,250000
C2,500,2,26,HungarianMatcher+JohnsonDijkstraStrategy,109,mixed,defect_at_iteration,390
C2,500,2,26,HungarianMatcher+JohnsonDijkstraStrategy,110,mixed,edge_relaxations,250000
C2,500,2,26,HungarianMatcher+JohnsonDijkstraStrategy,110,mixed,defect_at_iteration,389
C2,500,2,26,HungarianMatcher+JohnsonDijkstraStrategy,111,mixed,edge_relaxations,250000
C2,500,2,26,HungarianMatcher+JohnsonDijkstraStrategy,111,mixed,defect_at_iteration,388
C2,500,2,26,HungarianMatcher+JohnsonDijkstraStrategy,112,mixed,edge_relaxations,250000
C2,500,2,26,HungarianMatcher+JohnsonDijkstraStrategy,112,mixed,defect_at_iteration,387
C2,500,2,26,HungarianMatcher+JohnsonDijkstraStrategy,113,mixed,edge_relaxations,250000
C2,500,2,26,HungarianMatcher+JohnsonDijkstraStrategy,113,mixed,defect_at_iteration,386
C2,500,2,26,HungarianMatcher+JohnsonDijkstraStrategy,114,mixed,edge_relaxations,250000
C2,500,2,26,HungarianMatcher+JohnsonDijkstraStrategy,114,mixed,defect_at_iteration,385
C2,500,2,26,HungarianMatcher+JohnsonDijkstraStrategy,115,mixed,edge_relaxations,250000
C2,500,2,26,HungarianMatcher+JohnsonDijkstraStrategy,115,mixed,defect_at_iteration,384
C2,500,2,26,HungarianMatcher+JohnsonDijkstraStrategy,116,mixed,edge_relaxations,250000
C2,500,2,26,HungarianMatcher+JohnsonDijkstraStrategy,116,mixed,defect_at_iteration,383
C2,500,2,26,HungarianMatcher+JohnsonDijkstraStrategy,117,mixed,edge_relaxations,250000
C2,500,2,26,HungarianMatcher+JohnsonDijkstraStrategy,117,mixed,defect_at_iteration,382
C2,500,2,26,HungarianMatcher+JohnsonDijkstraStrategy,118,mixed,edge_relaxations,250000
C2,500,2,26,HungarianMatcher+JohnsonDijkstraStrategy,118,mixed,defect_at_iteration,381
C2,500,2,26,HungarianMatcher+JohnsonDijkstraStrategy,119,mixed,edge_relaxations,250000
C2,500,2,26,HungarianMatcher+JohnsonDijkstraStrategy,119,mixed,defect_at_iteration,380
C2,500,2,26,HungarianMatcher+JohnsonDijkstraStrategy,120,mixed,edge_relaxations,250000
C2,500,2,26,HungarianMatcher+JohnsonDijkstraStrategy,120,mixed,defect_at_iteration,379
C2,500,2,26,HungarianMatcher+JohnsonDijkstraStrategy,121,mixed,edge_relaxations,250000
C2,500,2,26,HungarianMatcher+JohnsonDijkstraStrategy,121,mixed,defect_at_iteration,378
C2,500,2,26,HungarianMatcher+JohnsonDijkstraStrategy,122,mixed,edge_relaxations,250000
C2,500,2,26,HungarianMatcher+JohnsonDijkstraStrategy,122,mixed,defect_at_iteration,377
C2,500,2,26,HungarianMatcher+JohnsonDijkstraStrategy,123,mixed,edge_relaxations,250000
C2,500,2,26,HungarianMatcher+JohnsonDijkstraStrategy,123,mixed,defect_at_iteration,376
C2,500,2,26,HungarianMatcher+JohnsonDijkstraStrategy,124,mixed,edge_relaxations,250000
C2,500,2,26,HungarianMatcher+JohnsonDijkstraStrategy,124,mixed,defect_at_iteration,375
C2,500,2,26,HungarianMatcher+JohnsonDijkstraStrategy,125,mixed,edge_relaxations,250000
C2,500,2,26,HungarianMatcher+JohnsonDijkstraStrategy,125,mixed,defect_at_iteration,374
C2,500,2,26,HungarianMatcher+JohnsonDijkstraStrategy,126,mixed,edge_relaxations,250000
C2,500,2,26,HungarianMatcher+JohnsonDijkstraStrategy,126,mixed,defect_at_iteration,373
C2,500,2,26,HungarianMatcher+JohnsonDijkstraStrategy,127,mixed,edge_relaxations,250000
C2,500,2,26,HungarianMatcher+JohnsonDijkstraStrategy,127,mixed,defect_at_iteration,372
C2,500,2,26,HungarianMatcher+JohnsonDijkstraStrategy,128,mixed,edge_relaxations,250000
C2,500,2,26,HungarianMatcher+JohnsonDijkstraStrategy,128,mixed,defect_at_iteration,371
C2,500,2,26,HungarianMatcher+JohnsonDijkstraStrategy,129,mixed,edge_relaxations,250000
C2,500,2,26,HungarianMatcher+JohnsonDijkstraStrategy,129,mixed,defect_at_iteration,370
C2,500,2,26,HungarianMatcher+JohnsonDijkstraStrategy,130,mixed,edge_relaxations,250000
C2,500,2,26,HungarianMatcher+JohnsonDijkstraStrategy,130,mixed,defect_at_iteration,369
C2,500,2,26,HungarianMatcher+JohnsonDijkstraStrategy,131,mixed,edge_relaxations,250000
C2,500,2,26,HungarianMatcher+JohnsonDijkstraStrategy,131,mixed,defect_at_iteration,368
C2,500,2,26,HungarianMatcher+JohnsonDijkstraStrategy,132,mixed,edge_relaxations,250000
C2,500,2,26,HungarianMatcher+JohnsonDijkstraStrategy,132,mixed,defect_at_iteration,367
C2,500,2,26,HungarianMatcher+JohnsonDijkstraStrategy,133,mixed,edge_relaxations,250000
C2,500,2,26,HungarianMatcher+JohnsonDijkstraStrategy,133,mixed,defect_at_iteration,366
C2,500,2,26,HungarianMatcher+JohnsonDijkstraStrategy,134,mixed,edge_relaxations,250000
C2,500,2,26,HungarianMatcher+JohnsonDijkstraStrategy,134,mixed,defect_at_iteration,365
C2,500,2,26,HungarianMatcher+JohnsonDijkstraStrategy,135,mixed,edge_relaxations,250000
C2,500,2,26,HungarianMatcher+JohnsonDijkstraStrategy,135,mixed,defect_at_iteration,364
C2,500,2,26,HungarianMatcher+JohnsonDijkstraStrategy,136,mixed,edge_relaxations,250000
C2,500,2,26,HungarianMatcher+JohnsonDijkstraStrategy,136,mixed,defect_at_iteration,363
C2,500,2,26,HungarianMatcher+JohnsonDijkstraStrategy,137,mixed,edge_relaxations,250000
C2,500,2,26,HungarianMatcher+JohnsonDijkstraStrategy,137,mixed,defect_at_iteration,362
C2,500,2,26,HungarianMatcher+JohnsonDijkstraStrategy,138,mixed,edge_relaxations,250000
C2,500,2,26,HungarianMatcher+JohnsonDijkstraStrategy,138,mixed,defect_at_iteration,361
C2,500,2,26,HungarianMatcher+JohnsonDijkstraStrategy,139,mixed,edge_relaxations,250000
C2,500,2,26,HungarianMatcher+JohnsonDijkstraStrategy,139,mixed,defect_at_iteration,360
C2,500,2,26,HungarianMatcher+JohnsonDijkstraStrategy,140,mixed,edge_relaxations,250000
C2,500,2,26,HungarianMatcher+JohnsonDijkstraStrategy,140,mixed,defect_at_iteration,359
C2,500,2,26,HungarianMatcher+JohnsonDijkstraStrategy,141,mixed,edge_relaxations,250000
C2,500,2,26,HungarianMatcher+JohnsonDijkstraStrategy,141,mixed,defect_at_iteration,358
C2,500,2,26,HungarianMatcher+JohnsonDijkstraStrategy,142,mixed,edge_relaxations,250000
C2,500,2,26,HungarianMatcher+JohnsonDijkstraStrategy,142,mixed,defect_at_iteration,357
C2,500,2,26,HungarianMatcher+JohnsonDijkstraStrategy,143,mixed,edge_relaxations,250000
C2,500,2,26,HungarianMatcher+JohnsonDijkstraStrategy,143,mixed,defect_at_iteration,356
C2,500,2,26,HungarianMatcher+JohnsonDijkstraStrategy,144,mixed,edge_relaxations,250000
C2,500,2,26,HungarianMatcher+JohnsonDijkstraStrategy,144,mixed,defect_at_iteration,355
C2,500,2,26,HungarianMatcher+JohnsonDijkstraStrategy,145,mixed,edge_relaxations,250000
C2,500,2,26,HungarianMatcher+JohnsonDijkstraStrategy,145,mixed,defect_at_iteration,354
C2,500,2,26,HungarianMatcher+JohnsonDijkstraStrategy,146,mixed,edge_relaxations,250000
C2,500,2,26,HungarianMatcher+JohnsonDijkstraStrategy,146,mixed,defect_at_iteration,353
C2,500,2,26,HungarianMatcher+JohnsonDijkstraStrategy,147,mixed,edge_relaxations,250000
C2,500,2,26,HungarianMatcher+JohnsonDijkstraStrategy,147,mixed,defect_at_iteration,352
C2,500,2,26,HungarianMatcher+JohnsonDijkstraStrategy,148,mixed,edge_relaxations,250000
C2,500,2,26,HungarianMatcher+JohnsonDijkstraStrategy,148,mixed,defect_at_iteration,351
C2,500,2,26,HungarianMatcher+JohnsonDijkstraStrategy,149,mixed,edge_relaxations,250000
C2,500,2,26,HungarianMatcher+JohnsonDijkstraStrategy,149,mixed,defect_at_iteration,350
C2,500,2,26,HungarianMatcher+JohnsonDijkstraStrategy,150,mixed,edge_relaxations,250000
C2,500,2,26,HungarianMatcher+JohnsonDijkstraStrategy,150,mixed,defect_at_iteration,349
C2,500,2,26,HungarianMatcher+JohnsonDijkstraStrategy,151,mixed,edge_relaxations,250000
C2,500,2,26,HungarianMatcher+JohnsonDijkstraStrategy,151,mixed,defect_at_iteration,348
C2,500,2,26,HungarianMatcher+JohnsonDijkstraStrategy,152,mixed,edge_relaxations,250000
C2,500,2,26,HungarianMatcher+JohnsonDijkstraStrategy,152,mixed,defect_at_iteration,347
C2,500,2,26,HungarianMatcher+JohnsonDijkstraStrategy,153,mixed,edge_relaxations,250000
C2,500,2,26,HungarianMatcher+JohnsonDijkstraStrategy,153,mixed,defect_at_iteration,346
C2,500,2,26,HungarianMatcher+JohnsonDijkstraStrategy,154,mixed,edge_relaxations,250000
C2,500,2,26,HungarianMatcher+JohnsonDijkstraStrategy,154,mixed,defect_at_iteration,345
C2,500,2,26,HungarianMatcher+JohnsonDijkstraStrategy,155,mixed,edge_relaxations,250000
C2,500,2,26,HungarianMatcher+JohnsonDijkstraStrategy,155,mixed,defect_at_iteration,344
C2,500,2,26,HungarianMatcher+JohnsonDijkstraStrategy,156,mixed,edge_relaxations,250000
C2,500,2,26,HungarianMatcher+JohnsonDijkstraStrategy,156,mixed,defect_at_iteration,343
C2,500,2,26,HungarianMatcher+JohnsonDijkstraStrategy,157,mixed,edge_relaxations,250000
C2,500,2,26,HungarianMatcher+JohnsonDijkstraStrategy,157,mixed,defect_at_iteration,342
C2,500,2,26,HungarianMatcher+JohnsonDijkstraStrategy,158,mixed,edge_relaxations,250000
C2,500,2,26,HungarianMatcher+JohnsonDijkstraStrategy,158,mixed,defect_at_iteration,341
C2,500,2,26,HungarianMatcher+JohnsonDijkstraStrategy,159,mixed,edge_relaxations,250000
C2,500,2,26,HungarianMatcher+JohnsonDijkstraStrategy,159,mixed,defect_at_iteration,340
C2,500,2,26,HungarianMatcher+JohnsonDijkstraStrategy,160,mixed,edge_relaxations,250000
C2,500,2,26,HungarianMatcher+JohnsonDijkstraStrategy,160,mixed,defect_at_iteration,339
C2,500,2,26,HungarianMatcher+JohnsonDijkstraStrategy,161,mixed,edge_relaxations,250000
C2,500,2,26,HungarianMatcher+JohnsonDijkstraStrategy,161,mixed,defect_at_iteration,338
C2,500,2,26,HungarianMatcher+JohnsonDijkstraStrategy,162,mixed,edge_relaxations,250000
C2,500,2,26,HungarianMatcher+JohnsonDijkstraStrategy,162,mixed,defect_at_iteration,337
C2,500,2,26,HungarianMatcher+JohnsonDijkstraStrategy,163,mixed,edge_relaxations,250000
C2,500,2,26,HungarianMatcher+JohnsonDijkstraStrategy,163,mixed,defect_at_iteration,336
C2,500,2,26,HungarianMatcher+JohnsonDijkstraStrategy,164,mixed,edge_relaxations,250000
C2,500,2,26,HungarianMatcher+JohnsonDijkstraStrategy,164,mixed,defect_at_iteration,335
C2,500,2,26,HungarianMatcher+JohnsonDijkstraStrategy,165,mixed,edge_relaxations,250000
C2,500,2,26,HungarianMatcher+JohnsonDijkstraStrategy,165,mixed,defect_at_iteration,334
C2,500,2,26,HungarianMatcher+JohnsonDijkstraStrategy,166,mixed,edge_relaxations,250000
C2,500,2,26,HungarianMatcher+JohnsonDijkstraStrategy,166,mixed,defect_at_iteration,333
C2,500,2,26,HungarianMatcher+JohnsonDijkstraStrategy,167,mixed,edge_relaxations,250000
C2,500,2,26,HungarianMatcher+JohnsonDijkstraStrategy,167,mixed,defect_at_iteration,332
C2,500,2,26,HungarianMatcher+JohnsonDijkstraStrategy,168,mixed,edge_relaxations,250000
C2,500,2,26,HungarianMatcher+JohnsonDijkstraStrategy,168,mixed,defect_at_iteration,331
C2,500,2,26,HungarianMatcher+JohnsonDijkstraStrategy,169,mixed,edge_relaxations,250000
C2,500,2,26,HungarianMatcher+JohnsonDijkstraStrategy,169,mixed,defect_at_iteration,330
C2,500,2,26,HungarianMatcher+JohnsonDijkstraStrategy,170,mixed,edge_relaxations,250000
C2,500,2,26,HungarianMatcher+JohnsonDijkstraStrategy,170,mixed,defect_at_iteration,329
C2,500,2,26,HungarianMatcher+JohnsonDijkstraStrategy,171,mixed,edge_relaxations,250000
C2,500,2,26,HungarianMatcher+JohnsonDijkstraStrategy,171,mixed,defect_at_iteration,328
C2,500,2,26,HungarianMatcher+JohnsonDijkstraStrategy,172,mixed,edge_relaxations,250000
C2,500,2,26,HungarianMatcher+JohnsonDijkstraStrategy,172,mixed,defect_at_iteration,327
C2,500,2,26,HungarianMatcher+JohnsonDijkstraStrategy,173,mixed,edge_relaxations,250000
C2,500,2,26,HungarianMatcher+JohnsonDijkstraStrategy,173,mixed,defect_at_iteration,326
C2,500,2,26,HungarianMatcher+JohnsonDijkstraStrategy,174,mixed,edge_relaxations,250000
C2,500,2,26,HungarianMatcher+JohnsonDijkstraStrategy,174,mixed,defect_at_iteration,325
C2,500,2,26,HungarianMatcher+JohnsonDijkstraStrategy,175,mixed,edge_relaxations,250000
C2,500,2,26,HungarianMatcher+JohnsonDijkstraStrategy,175,mixed,defect_at_iteration,324
C2,500,2,26,HungarianMatcher+JohnsonDijkstraStrategy,176,mixed,edge_relaxations,250000
C2,500,2,26,HungarianMatcher+JohnsonDijkstraStrategy,176,mixed,defect_at_iteration,323
C2,500,2,26,HungarianMatcher+JohnsonDijkstraStrategy,177,mixed,edge_relaxations,250000
C2,500,2,26,HungarianMatcher+JohnsonDijkstraStrategy,177,mixed,defect_at_iteration,322
C2,500,2,26,HungarianMatcher+JohnsonDijkstraStrategy,178,mixed,edge_relaxations,250000
C2,500,2,26,HungarianMatcher+JohnsonDijkstraStrategy,178,mixed,defect_at_iteration,321
C2,500,2,26,HungarianMatcher+JohnsonDijkstraStrategy,179,mixed,edge_relaxations,250000
C2,500,2,26,HungarianMatcher+JohnsonDijkstraStrategy,179,mixed,defect_at_iteration,320
C2,500,2,26,HungarianMatcher+JohnsonDijkstraStrategy,180,mixed,edge_relaxations,250000
C2,500,2,26,HungarianMatcher+JohnsonDijkstraStrategy,180,mixed,defect_at_iteration,319
C2,500,2,26,HungarianMatcher+JohnsonDijkstraStrategy,181,mixed,edge_relaxations,250000
C2,500,2,26,HungarianMatcher+JohnsonDijkstraStrategy,181,mixed,defect_at_iteration,318
C2,500,2,26,HungarianMatcher+JohnsonDijkstraStrategy,182,mixed,edge_relaxations,250000
C2,500,2,26,HungarianMatcher+JohnsonDijkstraStrategy,182,mixed,defect_at_iteration,317
C2,500,2,26,HungarianMatcher+JohnsonDijkstraStrategy,183,mixed,edge_relaxations,250000
C2,500,2,26,HungarianMatcher+JohnsonDijkstraStrategy,183,mixed,defect_at_iteration,316
C2,500,2,26,HungarianMatcher+JohnsonDijkstraStrategy,184,mixed,edge_relaxations,250000
C2,500,2,26,HungarianMatcher+JohnsonDijkstraStrategy,184,mixed,defect_at_iteration,315
C2,500,2,26,HungarianMatcher+JohnsonDijkstraStrategy,185,mixed,edge_relaxations,250000
C2,500,2,26,HungarianMatcher+JohnsonDijkstraStrategy,185,mixed,defect_at_iteration,314
C2,500,2,26,HungarianMatcher+JohnsonDijkstraStrategy,186,mixed,edge_relaxations,250000
C2,500,2,26,HungarianMatcher+JohnsonDijkstraStrategy,186,mixed,defect_at_iteration,313
C2,500,2,26,HungarianMatcher+JohnsonDijkstraStrategy,187,mixed,edge_relaxations,250000
C2,500,2,26,HungarianMatcher+JohnsonDijkstraStrategy,187,mixed,defect_at_iteration,312
C2,500,2,26,HungarianMatcher+JohnsonDijkstraStrategy,188,mixed,edge_relaxations,250000
C2,500,2,26,HungarianMatcher+JohnsonDijkstraStrategy,188,mixed,defect_at_iteration,311
C2,500,2,26,HungarianMatcher+JohnsonDijkstraStrategy,189,mixed,edge_relaxations,250000
C2,500,2,26,HungarianMatcher+JohnsonDijkstraStrategy,189,mixed,defect_at_iteration,310
C2,500,2,26,HungarianMatcher+JohnsonDijkstraStrategy,190,mixed,edge_relaxations,250000
C2,500,2,26,HungarianMatcher+JohnsonDijkstraStrategy,190,mixed,defect_at_iteration,309
C2,500,2,26,HungarianMatcher+JohnsonDijkstraStrategy,191,mixed,edge_relaxations,250000
C2,500,2,26,HungarianMatcher+JohnsonDijkstraStrategy,191,mixed,defect_at_iteration,308
C2,500,2,26,HungarianMatcher+JohnsonDijkstraStrategy,192,mixed,edge_relaxations,250000
C2,500,2,26,HungarianMatcher+JohnsonDijkstraStrategy,192,mixed,defect_at_iteration,307
C2,500,2,26,HungarianMatcher+JohnsonDijkstraStrategy,193,mixed,edge_relaxations,250000
C2,500,2,26,HungarianMatcher+JohnsonDijkstraStrategy,193,mixed,defect_at_iteration,306
C2,500,2,26,HungarianMatcher+JohnsonDijkstraStrategy,194,mixed,edge_relaxations,250000
C2,500,2,26,HungarianMatcher+JohnsonDijkstraStrategy,194,mixed,defect_at_iteration,305
C2,500,2,26,HungarianMatcher+JohnsonDijkstraStrategy,195,mixed,edge_relaxations,250000
C2,500,2,26,HungarianMatcher+JohnsonDijkstraStrategy,195,mixed,defect_at_iteration,304
C2,500,2,26,HungarianMatcher+JohnsonDijkstraStrategy,196,mixed,edge_relaxations,250000
C2,500,2,26,HungarianMatcher+JohnsonDijkstraStrategy,196,mixed,defect_at_iteration,303
C2,500,2,26,HungarianMatcher+JohnsonDijkstraStrategy,197,mixed,edge_relaxations,250000
C2,500,2,26,HungarianMatcher+JohnsonDijkstraStrategy,197,mixed,defect_at_iteration,302
C2,500,2,26,HungarianMatcher+JohnsonDijkstraStrategy,198,mixed,edge_relaxations,250000
C2,500,2,26,HungarianMatcher+JohnsonDijkstraStrategy,198,mixed,defect_at_iteration,301
C2,500,2,26,HungarianMatcher+JohnsonDijkstraStrategy,199,mixed,edge_relaxations,250000
C2,500,2,26,HungarianMatcher+JohnsonDijkstraStrategy,199,mixed,defect_at_iteration,300
C2,500,2,26,HungarianMatcher+JohnsonDijkstraStrategy,200,mixed,edge_relaxations,250000
C2,500,2,26,HungarianMatcher+JohnsonDijkstraStrategy,200,mixed,defect_at_iteration,299
C2,500,2,26,HungarianMatcher+JohnsonDijkstraStrategy,201,mixed,edge_relaxations,250000
C2,500,2,26,HungarianMatcher+JohnsonDijkstraStrategy,201,mixed,defect_at_iteration,298
C2,500,2,26,HungarianMatcher+JohnsonDijkstraStrategy,202,mixed,edge_relaxations,250000
C2,500,2,26,HungarianMatcher+JohnsonDijkstraStrategy,202,mixed,defect_at_iteration,297
C2,500,2,26,HungarianMatcher+JohnsonDijkstraStrategy,203,mixed,edge_relaxations,250000
C2,500,2,26,HungarianMatcher+JohnsonDijkstraStrategy,203,mixed,defect_at_iteration,296
C2,500,2,26,HungarianMatcher+JohnsonDijkstraStrategy,204,mixed,edge_relaxations,250000
C2,500,2,26,HungarianMatcher+JohnsonDijkstraStrategy,204,mixed,defect_at_iteration,295
C2,500,2,26,HungarianMatcher+JohnsonDijkstraStrategy,205,mixed,edge_relaxations,250000
C2,500,2,26,HungarianMatcher+JohnsonDijkstraStrategy,205,mixed,defect_at_iteration,294
C2,500,2,26,HungarianMatcher+JohnsonDijkstraStrategy,206,mixed,edge_relaxations,250000
C2,500,2,26,HungarianMatcher+JohnsonDijkstraStrategy,206,mixed,defect_at_iteration,293
C2,500,2,26,HungarianMatcher+JohnsonDijkstraStrategy,207,mixed,edge_relaxations,250000
C2,500,2,26,HungarianMatcher+JohnsonDijkstraStrategy,207,mixed,defect_at_iteration,292
C2,500,2,26,HungarianMatcher+JohnsonDijkstraStrategy,208,mixed,edge_relaxations,250000
C2,500,2,26,HungarianMatcher+JohnsonDijkstraStrategy,208,mixed,defect_at_iteration,291
C2,500,2,26,HungarianMatcher+JohnsonDijkstraStrategy,209,mixed,edge_relaxations,250000
C2,500,2,26,HungarianMatcher+JohnsonDijkstraStrategy,209,mixed,defect_at_iteration,290
C2,500,2,26,HungarianMatcher+JohnsonDijkstraStrategy,210,mixed,edge_relaxations,250000
C2,500,2,26,HungarianMatcher+JohnsonDijkstraStrategy,210,mixed,defect_at_iteration,289
C2,500,2,26,HungarianMatcher+JohnsonDijkstraStrategy,211,mixed,edge_relaxations,250000
C2,500,2,26,HungarianMatcher+JohnsonDijkstraStrategy,211,mixed,defect_at_iteration,288
C2,500,2,26,HungarianMatcher+JohnsonDijkstraStrategy,212,mixed,edge_relaxations,250000
C2,500,2,26,HungarianMatcher+JohnsonDijkstraStrategy,212,mixed,defect_at_iteration,287
C2,500,2,26,HungarianMatcher+JohnsonDijkstraStrategy,213,mixed,edge_relaxations,250000
C2,500,2,26,HungarianMatcher+JohnsonDijkstraStrategy,213,mixed,defect_at_iteration,286
C2,500,2,26,HungarianMatcher+JohnsonDijkstraStrategy,214,mixed,edge_relaxations,250000
C2,500,2,26,HungarianMatcher+JohnsonDijkstraStrategy,214,mixed,defect_at_iteration,285
C2,500,2,26,HungarianMatcher+JohnsonDijkstraStrategy,215,mixed,edge_relaxations,250000
C2,500,2,26,HungarianMatcher+JohnsonDijkstraStrategy,215,mixed,defect_at_iteration,284
C2,500,2,26,HungarianMatcher+JohnsonDijkstraStrategy,216,mixed,edge_relaxations,250000
C2,500,2,26,HungarianMatcher+JohnsonDijkstraStrategy,216,mixed,defect_at_iteration,283
C2,500,2,26,HungarianMatcher+JohnsonDijkstraStrategy,217,mixed,edge_relaxations,250000
C2,500,2,26,HungarianMatcher+JohnsonDijkstraStrategy,217,mixed,defect_at_iteration,282
C2,500,2,26,HungarianMatcher+JohnsonDijkstraStrategy,218,mixed,edge_relaxations,250000
C2,500,2,26,HungarianMatcher+JohnsonDijkstraStrategy,218,mixed,defect_at_iteration,281
C2,500,2,26,HungarianMatcher+JohnsonDijkstraStrategy,219,mixed,edge_relaxations,250000
C2,500,2,26,HungarianMatcher+JohnsonDijkstraStrategy,219,mixed,defect_at_iteration,280
C2,500,2,26,HungarianMatcher+JohnsonDijkstraStrategy,220,mixed,edge_relaxations,250000
C2,500,2,26,HungarianMatcher+JohnsonDijkstraStrategy,220,mixed,defect_at_iteration,279
C2,500,2,26,HungarianMatcher+JohnsonDijkstraStrategy,221,mixed,edge_relaxations,250000
C2,500,2,26,HungarianMatcher+JohnsonDijkstraStrategy,221,mixed,defect_at_iteration,278
C2,500,2,26,HungarianMatcher+JohnsonDijkstraStrategy,222,mixed,edge_relaxations,250000
C2,500,2,26,HungarianMatcher+JohnsonDijkstraStrategy,222,mixed,defect_at_iteration,277
C2,500,2,26,HungarianMatcher+JohnsonDijkstraStrategy,223,mixed,edge_relaxations,250000
C2,500,2,26,HungarianMatcher+JohnsonDijkstraStrategy,223,mixed,defect_at_iteration,276
C2,500,2,26,HungarianMatcher+JohnsonDijkstraStrategy,224,mixed,edge_relaxations,250000
C2,500,2,26,HungarianMatcher+JohnsonDijkstraStrategy,224,mixed,defect_at_iteration,275
C2,500,2,26,HungarianMatcher+JohnsonDijkstraStrategy,225,mixed,edge_relaxations,250000
C2,500,2,26,HungarianMatcher+JohnsonDijkstraStrategy,225,mixed,defect_at_iteration,274
C2,500,2,26,HungarianMatcher+JohnsonDijkstraStrategy,226,mixed,edge_relaxations,250000
C2,500,2,26,HungarianMatcher+JohnsonDijkstraStrategy,226,mixed,defect_at_iteration,273
C2,500,2,26,HungarianMatcher+JohnsonDijkstraStrategy,227,mixed,edge_relaxations,250000
C2,500,2,26,HungarianMatcher+JohnsonDijkstraStrategy,227,mixed,defect_at_iteration,272
C2,500,2,26,HungarianMatcher+JohnsonDijkstraStrategy,228,mixed,edge_relaxations,250000
C2,500,2,26,HungarianMatcher+JohnsonDijkstraStrategy,228,mixed,defect_at_iteration,271
C2,500,2,26,HungarianMatcher+JohnsonDijkstraStrategy,229,mixed,edge_relaxations,250000
C2,500,2,26,HungarianMatcher+JohnsonDijkstraStrategy,229,mixed,defect_at_iteration,270
C2,500,2,26,HungarianMatcher+JohnsonDijkstraStrategy,230,mixed,edge_relaxations,250000
C2,500,2,26,HungarianMatcher+JohnsonDijkstraStrategy,230,mixed,defect_at_iteration,269
C2,500,2,26,HungarianMatcher+JohnsonDijkstraStrategy,231,mixed,edge_relaxations,250000
C2,500,2,26,HungarianMatcher+JohnsonDijkstraStrategy,231,mixed,defect_at_iteration,268
C2,500,2,26,HungarianMatcher+JohnsonDijkstraStrategy,232,mixed,edge_relaxations,250000
C2,500,2,26,HungarianMatcher+JohnsonDijkstraStrategy,232,mixed,defect_at_iteration,267
C2,500,2,26,HungarianMatcher+JohnsonDijkstraStrategy,233,mixed,edge_relaxations,250000
C2,500,2,26,HungarianMatcher+JohnsonDijkstraStrategy,233,mixed,defect_at_iteration,266
C2,500,2,26,HungarianMatcher+JohnsonDijkstraStrategy,234,mixed,edge_relaxations,250000
C2,500,2,26,HungarianMatcher+JohnsonDijkstraStrategy,234,mixed,defect_at_iteration,265
C2,500,2,26,HungarianMatcher+JohnsonDijkstraStrategy,235,mixed,edge_relaxations,250000
C2,500,2,26,HungarianMatcher+JohnsonDijkstraStrategy,235,mixed,defect_at_iteration,264
C2,500,2,26,HungarianMatcher+JohnsonDijkstraStrategy,236,mixed,edge_relaxations,250000
C2,500,2,26,HungarianMatcher+JohnsonDijkstraStrategy,236,mixed,defect_at_iteration,263
C2,500,2,26,HungarianMatcher+JohnsonDijkstraStrategy,237,mixed,edge_relaxations,250000
C2,500,2,26,HungarianMatcher+JohnsonDijkstraStrategy,237,mixed,defect_at_iteration,262
C2,500,2,26,HungarianMatcher+JohnsonDijkstraStrategy,238,mixed,edge_relaxations,250000
C2,500,2,26,HungarianMatcher+JohnsonDijkstraStrategy,238,mixed,defect_at_iteration,261
C2,500,2,26,HungarianMatcher+JohnsonDijkstraStrategy,239,mixed,edge_relaxations,250000
C2,500,2,26,HungarianMatcher+JohnsonDijkstraStrategy,239,mixed,defect_at_iteration,260
C2,500,2,26,HungarianMatcher+JohnsonDijkstraStrategy,240,mixed,edge_relaxations,250000
C2,500,2,26,HungarianMatcher+JohnsonDijkstraStrategy,240,mixed,defect_at_iteration,259
C2,500,2,26,HungarianMatcher+JohnsonDijkstraStrategy,241,mixed,edge_relaxations,250000
C2,500,2,26,HungarianMatcher+JohnsonDijkstraStrategy,241,mixed,defect_at_iteration,258
C2,500,2,26,HungarianMatcher+JohnsonDijkstraStrategy,242,mixed,edge_relaxations,250000
C2,500,2,26,HungarianMatcher+JohnsonDijkstraStrategy,242,mixed,defect_at_iteration,257
C2,500,2,26,HungarianMatcher+JohnsonDijkstraStrategy,243,mixed,edge_relaxations,250000
C2,500,2,26,HungarianMatcher+JohnsonDijkstraStrategy,243,mixed,defect_at_iteration,256
C2,500,2,26,HungarianMatcher+JohnsonDijkstraStrategy,244,mixed,edge_relaxations,250000
C2,500,2,26,HungarianMatcher+JohnsonDijkstraStrategy,244,mixed,defect_at_iteration,255
C2,500,2,26,HungarianMatcher+JohnsonDijkstraStrategy,245,mixed,edge_relaxations,250000
C2,500,2,26,HungarianMatcher+JohnsonDijkstraStrategy,245,mixed,defect_at_iteration,254
C2,500,2,26,HungarianMatcher+JohnsonDijkstraStrategy,246,mixed,edge_relaxations,250000
C2,500,2,26,HungarianMatcher+JohnsonDijkstraStrategy,246,mixed,defect_at_iteration,253
C2,500,2,26,HungarianMatcher+JohnsonDijkstraStrategy,247,mixed,edge_relaxations,250000
C2,500,2,26,HungarianMatcher+JohnsonDijkstraStrategy,247,mixed,defect_at_iteration,252
C2,500,2,26,HungarianMatcher+JohnsonDijkstraStrategy,248,mixed,edge_relaxations,250000
C2,500,2,26,HungarianMatcher+JohnsonDijkstraStrategy,248,mixed,defect_at_iteration,251
C2,500,2,26,HungarianMatcher+JohnsonDijkstraStrategy,249,mixed,edge_relaxations,250000
C2,500,2,26,HungarianMatcher+JohnsonDijkstraStrategy,249,mixed,defect_at_iteration,250
C2,500,2,26,HungarianMatcher+JohnsonDijkstraStrategy,250,mixed,edge_relaxations,250000
C2,500,2,26,HungarianMatcher+JohnsonDijkstraStrategy,250,mixed,defect_at_iteration,249
C2,500,2,26,HungarianMatcher+JohnsonDijkstraStrategy,251,mixed,edge_relaxations,250000
C2,500,2,26,HungarianMatcher+JohnsonDijkstraStrategy,251,mixed,defect_at_iteration,248
C2,500,2,26,HungarianMatcher+JohnsonDijkstraStrategy,252,mixed,edge_relaxations,250000
C2,500,2,26,HungarianMatcher+JohnsonDijkstraStrategy,252,mixed,defect_at_iteration,247
C2,500,2,26,HungarianMatcher+JohnsonDijkstraStrategy,253,mixed,edge_relaxations,250000
C2,500,2,26,HungarianMatcher+JohnsonDijkstraStrategy,253,mixed,defect_at_iteration,246
C2,500,2,26,HungarianMatcher+JohnsonDijkstraStrategy,254,mixed,edge_relaxations,250000
C2,500,2,26,HungarianMatcher+JohnsonDijkstraStrategy,254,mixed,defect_at_iteration,245
C2,500,2,26,HungarianMatcher+JohnsonDijkstraStrategy,255,mixed,edge_relaxations,250000
C2,500,2,26,HungarianMatcher+JohnsonDijkstraStrategy,255,mixed,defect_at_iteration,244
C2,500,2,26,HungarianMatcher+JohnsonDijkstraStrategy,256,mixed,edge_relaxations,250000
C2,500,2,26,HungarianMatcher+JohnsonDijkstraStrategy,256,mixed,defect_at_iteration,243
C2,500,2,26,HungarianMatcher+JohnsonDijkstraStrategy,257,mixed,edge_relaxations,250000
C2,500,2,26,HungarianMatcher+JohnsonDijkstraStrategy,257,mixed,defect_at_iteration,242
C2,500,2,26,HungarianMatcher+JohnsonDijkstraStrategy,258,mixed,edge_relaxations,250000
C2,500,2,26,HungarianMatcher+JohnsonDijkstraStrategy,258,mixed,defect_at_iteration,241
C2,500,2,26,HungarianMatcher+JohnsonDijkstraStrategy,259,mixed,edge_relaxations,250000
C2,500,2,26,HungarianMatcher+JohnsonDijkstraStrategy,259,mixed,defect_at_iteration,240
C2,500,2,26,HungarianMatcher+JohnsonDijkstraStrategy,260,mixed,edge_relaxations,250000
C2,500,2,26,HungarianMatcher+JohnsonDijkstraStrategy,260,mixed,defect_at_iteration,239
C2,500,2,26,HungarianMatcher+JohnsonDijkstraStrategy,261,mixed,edge_relaxations,250000
C2,500,2,26,HungarianMatcher+JohnsonDijkstraStrategy,261,mixed,defect_at_iteration,238
C2,500,2,26,HungarianMatcher+JohnsonDijkstraStrategy,262,mixed,edge_relaxations,250000
C2,500,2,26,HungarianMatcher+JohnsonDijkstraStrategy,262,mixed,defect_at_iteration,237
C2,500,2,26,HungarianMatcher+JohnsonDijkstraStrategy,263,mixed,edge_relaxations,250000
C2,500,2,26,HungarianMatcher+JohnsonDijkstraStrategy,263,mixed,defect_at_iteration,236
C2,500,2,26,HungarianMatcher+JohnsonDijkstraStrategy,264,mixed,edge_relaxations,250000
C2,500,2,26,HungarianMatcher+JohnsonDijkstraStrategy,264,mixed,defect_at_iteration,235
C2,500,2,26,HungarianMatcher+JohnsonDijkstraStrategy,265,mixed,edge_relaxations,250000
C2,500,2,26,HungarianMatcher+JohnsonDijkstraStrategy,265,mixed,defect_at_iteration,234
C2,500,2,26,HungarianMatcher+JohnsonDijkstraStrategy,266,mixed,edge_relaxations,250000
C2,500,2,26,HungarianMatcher+JohnsonDijkstraStrategy,266,mixed,defect_at_iteration,233
C2,500,2,26,HungarianMatcher+JohnsonDijkstraStrategy,267,mixed,edge_relaxations,250000
C2,500,2,26,HungarianMatcher+JohnsonDijkstraStrategy,267,mixed,defect_at_iteration,232
C2,500,2,26,HungarianMatcher+JohnsonDijkstraStrategy,268,mixed,edge_relaxations,250000
C2,500,2,26,HungarianMatcher+JohnsonDijkstraStrategy,268,mixed,defect_at_iteration,231
C2,500,2,26,HungarianMatcher+JohnsonDijkstraStrategy,269,mixed,edge_relaxations,250000
C2,500,2,26,HungarianMatcher+JohnsonDijkstraStrategy,269,mixed,defect_at_iteration,230
C2,500,2,26,HungarianMatcher+JohnsonDijkstraStrategy,270,mixed,edge_relaxations,250000
C2,500,2,26,HungarianMatcher+JohnsonDijkstraStrategy,270,mixed,defect_at_iteration,229
C2,500,2,26,HungarianMatcher+JohnsonDijkstraStrategy,271,mixed,edge_relaxations,250000
C2,500,2,26,HungarianMatcher+JohnsonDijkstraStrategy,271,mixed,defect_at_iteration,228
C2,500,2,26,HungarianMatcher+JohnsonDijkstraStrategy,272,mixed,edge_relaxations,250000
C2,500,2,26,HungarianMatcher+JohnsonDijkstraStrategy,272,mixed,defect_at_iteration,227
C2,500,2,26,HungarianMatcher+JohnsonDijkstraStrategy,273,mixed,edge_relaxations,250000
C2,500,2,26,HungarianMatcher+JohnsonDijkstraStrategy,273,mixed,defect_at_iteration,226
C2,500,2,26,HungarianMatcher+JohnsonDijkstraStrategy,274,mixed,edge_relaxations,250000
C2,500,2,26,HungarianMatcher+JohnsonDijkstraStrategy,274,mixed,defect_at_iteration,225
C2,500,2,26,HungarianMatcher+JohnsonDijkstraStrategy,275,mixed,edge_relaxations,250000
C2,500,2,26,HungarianMatcher+JohnsonDijkstraStrategy,275,mixed,defect_at_iteration,224
C2,500,2,26,HungarianMatcher+JohnsonDijkstraStrategy,276,mixed,edge_relaxations,250000
C2,500,2,26,HungarianMatcher+JohnsonDijkstraStrategy,276,mixed,defect_at_iteration,223
C2,500,2,26,HungarianMatcher+JohnsonDijkstraStrategy,277,mixed,edge_relaxations,250000
C2,500,2,26,HungarianMatcher+JohnsonDijkstraStrategy,277,mixed,defect_at_iteration,222
C2,500,2,26,HungarianMatcher+JohnsonDijkstraStrategy,278,mixed,edge_relaxations,250000
C2,500,2,26,HungarianMatcher+JohnsonDijkstraStrategy,278,mixed,defect_at_iteration,221
C2,500,2,26,HungarianMatcher+JohnsonDijkstraStrategy,279,mixed,edge_relaxations,250000
C2,500,2,26,HungarianMatcher+JohnsonDijkstraStrategy,279,mixed,defect_at_iteration,220
C2,500,2,26,HungarianMatcher+JohnsonDijkstraStrategy,280,mixed,edge_relaxations,250000
C2,500,2,26,HungarianMatcher+JohnsonDijkstraStrategy,280,mixed,defect_at_iteration,219
C2,500,2,26,HungarianMatcher+JohnsonDijkstraStrategy,281,mixed,edge_relaxations,250000
C2,500,2,26,HungarianMatcher+JohnsonDijkstraStrategy,281,mixed,defect_at_iteration,218
C2,500,2,26,HungarianMatcher+JohnsonDijkstraStrategy,282,mixed,edge_relaxations,250000
C2,500,2,26,HungarianMatcher+JohnsonDijkstraStrategy,282,mixed,defect_at_iteration,217
C2,500,2,26,HungarianMatcher+JohnsonDijkstraStrategy,283,mixed,edge_relaxations,250000
C2,500,2,26,HungarianMatcher+JohnsonDijkstraStrategy,283,mixed,defect_at_iteration,216
C2,500,2,26,HungarianMatcher+JohnsonDijkstraStrategy,284,mixed,edge_relaxations,250000
C2,500,2,26,HungarianMatcher+JohnsonDijkstraStrategy,284,mixed,defect_at_iteration,215
C2,500,2,26,HungarianMatcher+JohnsonDijkstraStrategy,285,mixed,edge_relaxations,250000
C2,500,2,26,HungarianMatcher+JohnsonDijkstraStrategy,285,mixed,defect_at_iteration,214
C2,500,2,26,HungarianMatcher+JohnsonDijkstraStrategy,286,mixed,edge_relaxations,250000
C2,500,2,26,HungarianMatcher+JohnsonDijkstraStrategy,286,mixed,defect_at_iteration,213
C2,500,2,26,HungarianMatcher+JohnsonDijkstraStrategy,287,mixed,edge_relaxations,250000
C2,500,2,26,HungarianMatcher+JohnsonDijkstraStrategy,287,mixed,defect_at_iteration,212
C2,500,2,26,HungarianMatcher+JohnsonDijkstraStrategy,288,mixed,edge_relaxations,250000
C2,500,2,26,HungarianMatcher+JohnsonDijkstraStrategy,288,mixed,defect_at_iteration,211
C2,500,2,26,HungarianMatcher+JohnsonDijkstraStrategy,289,mixed,edge_relaxations,250000
C2,500,2,26,HungarianMatcher+JohnsonDijkstraStrategy,289,mixed,defect_at_iteration,210
C2,500,2,26,HungarianMatcher+JohnsonDijkstraStrategy,290,mixed,edge_relaxations,250000
C2,500,2,26,HungarianMatcher+JohnsonDijkstraStrategy,290,mixed,defect_at_iteration,209
C2,500,2,26,HungarianMatcher+JohnsonDijkstraStrategy,291,mixed,edge_relaxations,250000
C2,500,2,26,HungarianMatcher+JohnsonDijkstraStrategy,291,mixed,defect_at_iteration,208
C2,500,2,26,HungarianMatcher+JohnsonDijkstraStrategy,292,mixed,edge_relaxations,250000
C2,500,2,26,HungarianMatcher+JohnsonDijkstraStrategy,292,mixed,defect_at_iteration,207
C2,500,2,26,HungarianMatcher+JohnsonDijkstraStrategy,293,mixed,edge_relaxations,250000
C2,500,2,26,HungarianMatcher+JohnsonDijkstraStrategy,293,mixed,defect_at_iteration,206
C2,500,2,26,HungarianMatcher+JohnsonDijkstraStrategy,294,mixed,edge_relaxations,250000
C2,500,2,26,HungarianMatcher+JohnsonDijkstraStrategy,294,mixed,defect_at_iteration,205
C2,500,2,26,HungarianMatcher+JohnsonDijkstraStrategy,295,mixed,edge_relaxations,250000
C2,500,2,26,HungarianMatcher+JohnsonDijkstraStrategy,295,mixed,defect_at_iteration,204
C2,500,2,26,HungarianMatcher+JohnsonDijkstraStrategy,296,mixed,edge_relaxations,250000
C2,500,2,26,HungarianMatcher+JohnsonDijkstraStrategy,296,mixed,defect_at_iteration,203
C2,500,2,26,HungarianMatcher+JohnsonDijkstraStrategy,297,mixed,edge_relaxations,250000
C2,500,2,26,HungarianMatcher+JohnsonDijkstraStrategy,297,mixed,defect_at_iteration,202
C2,500,2,26,HungarianMatcher+JohnsonDijkstraStrategy,298,mixed,edge_relaxations,250000
C2,500,2,26,HungarianMatcher+JohnsonDijkstraStrategy,298,mixed,defect_at_iteration,201
C2,500,2,26,HungarianMatcher+JohnsonDijkstraStrategy,299,mixed,edge_relaxations,250000
C2,500,2,26,HungarianMatcher+JohnsonDijkstraStrategy,299,mixed,defect_at_iteration,200
C2,500,2,26,HungarianMatcher+JohnsonDijkstraStrategy,300,mixed,edge_relaxations,250000
C2,500,2,26,HungarianMatcher+JohnsonDijkstraStrategy,300,mixed,defect_at_iteration,199
C2,500,2,26,HungarianMatcher+JohnsonDijkstraStrategy,301,mixed,edge_relaxations,250000
C2,500,2,26,HungarianMatcher+JohnsonDijkstraStrategy,301,mixed,defect_at_iteration,198
C2,500,2,26,HungarianMatcher+JohnsonDijkstraStrategy,302,mixed,edge_relaxations,250000
C2,500,2,26,HungarianMatcher+JohnsonDijkstraStrategy,302,mixed,defect_at_iteration,197
C2,500,2,26,HungarianMatcher+JohnsonDijkstraStrategy,303,mixed,edge_relaxations,250000
C2,500,2,26,HungarianMatcher+JohnsonDijkstraStrategy,303,mixed,defect_at_iteration,196
C2,500,2,26,HungarianMatcher+JohnsonDijkstraStrategy,304,mixed,edge_relaxations,250000
C2,500,2,26,HungarianMatcher+JohnsonDijkstraStrategy,304,mixed,defect_at_iteration,195
C2,500,2,26,HungarianMatcher+JohnsonDijkstraStrategy,305,mixed,edge_relaxations,250000
C2,500,2,26,HungarianMatcher+JohnsonDijkstraStrategy,305,mixed,defect_at_iteration,194
C2,500,2,26,HungarianMatcher+JohnsonDijkstraStrategy,306,mixed,edge_relaxations,250000
C2,500,2,26,HungarianMatcher+JohnsonDijkstraStrategy,306,mixed,defect_at_iteration,193
C2,500,2,26,HungarianMatcher+JohnsonDijkstraStrategy,307,mixed,edge_relaxations,250000
C2,500,2,26,HungarianMatcher+JohnsonDijkstraStrategy,307,mixed,defect_at_iteration,192
C2,500,2,26,HungarianMatcher+JohnsonDijkstraStrategy,308,mixed,edge_relaxations,250000
C2,500,2,26,HungarianMatcher+JohnsonDijkstraStrategy,308,mixed,defect_at_iteration,191
C2,500,2,26,HungarianMatcher+JohnsonDijkstraStrategy,309,mixed,edge_relaxations,250000
C2,500,2,26,HungarianMatcher+JohnsonDijkstraStrategy,309,mixed,defect_at_iteration,190
C2,500,2,26,HungarianMatcher+JohnsonDijkstraStrategy,310,mixed,edge_relaxations,250000
C2,500,2,26,HungarianMatcher+JohnsonDijkstraStrategy,310,mixed,defect_at_iteration,189
C2,500,2,26,HungarianMatcher+JohnsonDijkstraStrategy,311,mixed,edge_relaxations,250000
C2,500,2,26,HungarianMatcher+JohnsonDijkstraStrategy,311,mixed,defect_at_iteration,188
C2,500,2,26,HungarianMatcher+JohnsonDijkstraStrategy,312,mixed,edge_relaxations,250000
C2,500,2,26,HungarianMatcher+JohnsonDijkstraStrategy,312,mixed,defect_at_iteration,187
C2,500,2,26,HungarianMatcher+JohnsonDijkstraStrategy,313,mixed,edge_relaxations,250000
C2,500,2,26,HungarianMatcher+JohnsonDijkstraStrategy,313,mixed,defect_at_iteration,186
C2,500,2,26,HungarianMatcher+JohnsonDijkstraStrategy,314,mixed,edge_relaxations,250000
C2,500,2,26,HungarianMatcher+JohnsonDijkstraStrategy,314,mixed,defect_at_iteration,185
C2,500,2,26,HungarianMatcher+JohnsonDijkstraStrategy,315,mixed,edge_relaxations,250000
C2,500,2,26,HungarianMatcher+JohnsonDijkstraStrategy,315,mixed,defect_at_iteration,184
C2,500,2,26,HungarianMatcher+JohnsonDijkstraStrategy,316,mixed,edge_relaxations,250000
C2,500,2,26,HungarianMatcher+JohnsonDijkstraStrategy,316,mixed,defect_at_iteration,183
C2,500,2,26,HungarianMatcher+JohnsonDijkstraStrategy,317,mixed,edge_relaxations,250000
C2,500,2,26,HungarianMatcher+JohnsonDijkstraStrategy,317,mixed,defect_at_iteration,182
C2,500,2,26,HungarianMatcher+JohnsonDijkstraStrategy,318,mixed,edge_relaxations,250000
C2,500,2,26,HungarianMatcher+JohnsonDijkstraStrategy,318,mixed,defect_at_iteration,181
C2,500,2,26,HungarianMatcher+JohnsonDijkstraStrategy,319,mixed,edge_relaxations,250000
C2,500,2,26,HungarianMatcher+JohnsonDijkstraStrategy,319,mixed,defect_at_iteration,180
C2,500,2,26,HungarianMatcher+JohnsonDijkstraStrategy,320,mixed,edge_relaxations,250000
C2,500,2,26,HungarianMatcher+JohnsonDijkstraStrategy,320,mixed,defect_at_iteration,179
C2,500,2,26,HungarianMatcher+JohnsonDijkstraStrategy,321,mixed,edge_relaxations,250000
C2,500,2,26,HungarianMatcher+JohnsonDijkstraStrategy,321,mixed,defect_at_iteration,178
C2,500,2,26,HungarianMatcher+JohnsonDijkstraStrategy,322,mixed,edge_relaxations,250000
C2,500,2,26,HungarianMatcher+JohnsonDijkstraStrategy,322,mixed,defect_at_iteration,177
C2,500,2,26,HungarianMatcher+JohnsonDijkstraStrategy,323,mixed,edge_relaxations,250000
C2,500,2,26,HungarianMatcher+JohnsonDijkstraStrategy,323,mixed,defect_at_iteration,176
C2,500,2,26,HungarianMatcher+JohnsonDijkstraStrategy,324,mixed,edge_relaxations,250000
C2,500,2,26,HungarianMatcher+JohnsonDijkstraStrategy,324,mixed,defect_at_iteration,175
C2,500,2,26,HungarianMatcher+JohnsonDijkstraStrategy,325,mixed,edge_relaxations,250000
C2,500,2,26,HungarianMatcher+JohnsonDijkstraStrategy,325,mixed,defect_at_iteration,174
C2,500,2,26,HungarianMatcher+JohnsonDijkstraStrategy,326,mixed,edge_relaxations,250000
C2,500,2,26,HungarianMatcher+JohnsonDijkstraStrategy,326,mixed,defect_at_iteration,173
C2,500,2,26,HungarianMatcher+JohnsonDijkstraStrategy,327,mixed,edge_relaxations,250000
C2,500,2,26,HungarianMatcher+JohnsonDijkstraStrategy,327,mixed,defect_at_iteration,172
C2,500,2,26,HungarianMatcher+JohnsonDijkstraStrategy,328,mixed,edge_relaxations,250000
C2,500,2,26,HungarianMatcher+JohnsonDijkstraStrategy,328,mixed,defect_at_iteration,171
C2,500,2,26,HungarianMatcher+JohnsonDijkstraStrategy,329,mixed,edge_relaxations,250000
C2,500,2,26,HungarianMatcher+JohnsonDijkstraStrategy,329,mixed,defect_at_iteration,170
C2,500,2,26,HungarianMatcher+JohnsonDijkstraStrategy,330,mixed,edge_relaxations,250000
C2,500,2,26,HungarianMatcher+JohnsonDijkstraStrategy,330,mixed,defect_at_iteration,169
C2,500,2,26,HungarianMatcher+JohnsonDijkstraStrategy,331,mixed,edge_relaxations,250000
C2,500,2,26,HungarianMatcher+JohnsonDijkstraStrategy,331,mixed,defect_at_iteration,168
C2,500,2,26,HungarianMatcher+JohnsonDijkstraStrategy,332,mixed,edge_relaxations,250000
C2,500,2,26,HungarianMatcher+JohnsonDijkstraStrategy,332,mixed,defect_at_iteration,167
C2,500,2,26,HungarianMatcher+JohnsonDijkstraStrategy,333,mixed,edge_relaxations,250000
C2,500,2,26,HungarianMatcher+JohnsonDijkstraStrategy,333,mixed,defect_at_iteration,166
C2,500,2,26,HungarianMatcher+JohnsonDijkstraStrategy,334,mixed,edge_relaxations,250000
C2,500,2,26,HungarianMatcher+JohnsonDijkstraStrategy,334,mixed,defect_at_iteration,165
C2,500,2,26,HungarianMatcher+JohnsonDijkstraStrategy,335,mixed,edge_relaxations,250000
C2,500,2,26,HungarianMatcher+JohnsonDijkstraStrategy,335,mixed,defect_at_iteration,164
C2,500,2,26,HungarianMatcher+JohnsonDijkstraStrategy,336,mixed,edge_relaxations,250000
C2,500,2,26,HungarianMatcher+JohnsonDijkstraStrategy,336,mixed,defect_at_iteration,163
C2,500,2,26,HungarianMatcher+JohnsonDijkstraStrategy,337,mixed,edge_relaxations,250000
C2,500,2,26,HungarianMatcher+JohnsonDijkstraStrategy,337,mixed,defect_at_iteration,162
C2,500,2,26,HungarianMatcher+JohnsonDijkstraStrategy,338,mixed,edge_relaxations,250000
C2,500,2,26,HungarianMatcher+JohnsonDijkstraStrategy,338,mixed,defect_at_iteration,161
C2,500,2,26,HungarianMatcher+JohnsonDijkstraStrategy,339,mixed,edge_relaxations,250000
C2,500,2,26,HungarianMatcher+JohnsonDijkstraStrategy,339,mixed,defect_at_iteration,160
C2,500,2,26,HungarianMatcher+JohnsonDijkstraStrategy,340,mixed,edge_relaxations,250000
C2,500,2,26,HungarianMatcher+JohnsonDijkstraStrategy,340,mixed,defect_at_iteration,159
C2,500,2,26,HungarianMatcher+JohnsonDijkstraStrategy,341,mixed,edge_relaxations,250000
C2,500,2,26,HungarianMatcher+JohnsonDijkstraStrategy,341,mixed,defect_at_iteration,158
C2,500,2,26,HungarianMatcher+JohnsonDijkstraStrategy,342,mixed,edge_relaxations,250000
C2,500,2,26,HungarianMatcher+JohnsonDijkstraStrategy,342,mixed,defect_at_iteration,157
C2,500,2,26,HungarianMatcher+JohnsonDijkstraStrategy,343,mixed,edge_relaxations,250000
C2,500,2,26,HungarianMatcher+JohnsonDijkstraStrategy,343,mixed,defect_at_iteration,156
C2,500,2,26,HungarianMatcher+JohnsonDijkstraStrategy,344,mixed,edge_relaxations,250000
C2,500,2,26,HungarianMatcher+JohnsonDijkstraStrategy,344,mixed,defect_at_iteration,155
C2,500,2,26,HungarianMatcher+JohnsonDijkstraStrategy,345,mixed,edge_relaxations,250000
C2,500,2,26,HungarianMatcher+JohnsonDijkstraStrategy,345,mixed,defect_at_iteration,154
C2,500,2,26,HungarianMatcher+JohnsonDijkstraStrategy,346,mixed,edge_relaxations,250000
C2,500,2,26,HungarianMatcher+JohnsonDijkstraStrategy,346,mixed,defect_at_iteration,153
C2,500,2,26,HungarianMatcher+JohnsonDijkstraStrategy,347,mixed,edge_relaxations,250000
C2,500,2,26,HungarianMatcher+JohnsonDijkstraStrategy,347,mixed,defect_at_iteration,152
C2,500,2,26,HungarianMatcher+JohnsonDijkstraStrategy,348,mixed,edge_relaxations,250000
C2,500,2,26,HungarianMatcher+JohnsonDijkstraStrategy,348,mixed,defect_at_iteration,151
C2,500,2,26,HungarianMatcher+JohnsonDijkstraStrategy,349,mixed,edge_relaxations,250000
C2,500,2,26,HungarianMatcher+JohnsonDijkstraStrategy,349,mixed,defect_at_iteration,150
C2,500,2,26,HungarianMatcher+JohnsonDijkstraStrategy,350,mixed,edge_relaxations,250000
C2,500,2,26,HungarianMatcher+JohnsonDijkstraStrategy,350,mixed,defect_at_iteration,149
C2,500,2,26,HungarianMatcher+JohnsonDijkstraStrategy,351,mixed,edge_relaxations,250000
C2,500,2,26,HungarianMatcher+JohnsonDijkstraStrategy,351,mixed,defect_at_iteration,148
C2,500,2,26,HungarianMatcher+JohnsonDijkstraStrategy,352,mixed,edge_relaxations,250000
C2,500,2,26,HungarianMatcher+JohnsonDijkstraStrategy,352,mixed,defect_at_iteration,147
C2,500,2,26,HungarianMatcher+JohnsonDijkstraStrategy,353,mixed,edge_relaxations,250000
C2,500,2,26,HungarianMatcher+JohnsonDijkstraStrategy,353,mixed,defect_at_iteration,146
C2,500,2,26,HungarianMatcher+JohnsonDijkstraStrategy,354,mixed,edge_relaxations,250000
C2,500,2,26,HungarianMatcher+JohnsonDijkstraStrategy,354,mixed,defect_at_iteration,145
C2,500,2,26,HungarianMatcher+JohnsonDijkstraStrategy,355,mixed,edge_relaxations,250000
C2,500,2,26,HungarianMatcher+JohnsonDijkstraStrategy,355,mixed,defect_at_iteration,144
C2,500,2,26,HungarianMatcher+JohnsonDijkstraStrategy,356,mixed,edge_relaxations,250000
C2,500,2,26,HungarianMatcher+JohnsonDijkstraStrategy,356,mixed,defect_at_iteration,143
C2,500,2,26,HungarianMatcher+JohnsonDijkstraStrategy,357,mixed,edge_relaxations,250000
C2,500,2,26,HungarianMatcher+JohnsonDijkstraStrategy,357,mixed,defect_at_iteration,142
C2,500,2,26,HungarianMatcher+JohnsonDijkstraStrategy,358,mixed,edge_relaxations,250000
C2,500,2,26,HungarianMatcher+JohnsonDijkstraStrategy,358,mixed,defect_at_iteration,141
C2,500,2,26,HungarianMatcher+JohnsonDijkstraStrategy,359,mixed,edge_relaxations,250000
C2,500,2,26,HungarianMatcher+JohnsonDijkstraStrategy,359,mixed,defect_at_iteration,140
C2,500,2,26,HungarianMatcher+JohnsonDijkstraStrategy,360,mixed,edge_relaxations,250000
C2,500,2,26,HungarianMatcher+JohnsonDijkstraStrategy,360,mixed,defect_at_iteration,139
C2,500,2,26,HungarianMatcher+JohnsonDijkstraStrategy,361,mixed,edge_relaxations,250000
C2,500,2,26,HungarianMatcher+JohnsonDijkstraStrategy,361,mixed,defect_at_iteration,138
C2,500,2,26,HungarianMatcher+JohnsonDijkstraStrategy,362,mixed,edge_relaxations,250000
C2,500,2,26,HungarianMatcher+JohnsonDijkstraStrategy,362,mixed,defect_at_iteration,137
C2,500,2,26,HungarianMatcher+JohnsonDijkstraStrategy,363,mixed,edge_relaxations,250000
C2,500,2,26,HungarianMatcher+JohnsonDijkstraStrategy,363,mixed,defect_at_iteration,136
C2,500,2,26,HungarianMatcher+JohnsonDijkstraStrategy,364,mixed,edge_relaxations,250000
C2,500,2,26,HungarianMatcher+JohnsonDijkstraStrategy,364,mixed,defect_at_iteration,135
C2,500,2,26,HungarianMatcher+JohnsonDijkstraStrategy,365,mixed,edge_relaxations,250000
C2,500,2,26,HungarianMatcher+JohnsonDijkstraStrategy,365,mixed,defect_at_iteration,134
C2,500,2,26,HungarianMatcher+JohnsonDijkstraStrategy,366,mixed,edge_relaxations,250000
C2,500,2,26,HungarianMatcher+JohnsonDijkstraStrategy,366,mixed,defect_at_iteration,133
C2,500,2,26,HungarianMatcher+JohnsonDijkstraStrategy,367,mixed,edge_relaxations,250000
C2,500,2,26,HungarianMatcher+JohnsonDijkstraStrategy,367,mixed,defect_at_iteration,132
C2,500,2,26,HungarianMatcher+JohnsonDijkstraStrategy,368,mixed,edge_relaxations,250000
C2,500,2,26,HungarianMatcher+JohnsonDijkstraStrategy,368,mixed,defect_at_iteration,131
C2,500,2,26,HungarianMatcher+JohnsonDijkstraStrategy,369,mixed,edge_relaxations,250000
C2,500,2,26,HungarianMatcher+JohnsonDijkstraStrategy,369,mixed,defect_at_iteration,130
C2,500,2,26,HungarianMatcher+JohnsonDijkstraStrategy,370,mixed,edge_relaxations,250000
C2,500,2,26,HungarianMatcher+JohnsonDijkstraStrategy,370,mixed,defect_at_iteration,129
C2,500,2,26,HungarianMatcher+JohnsonDijkstraStrategy,371,mixed,edge_relaxations,250000
C2,500,2,26,HungarianMatcher+JohnsonDijkstraStrategy,371,mixed,defect_at_iteration,128
C2,500,2,26,HungarianMatcher+JohnsonDijkstraStrategy,372,mixed,edge_relaxations,250000
C2,500,2,26,HungarianMatcher+JohnsonDijkstraStrategy,372,mixed,defect_at_iteration,127
C2,500,2,26,HungarianMatcher+JohnsonDijkstraStrategy,373,mixed,edge_relaxations,250000
C2,500,2,26,HungarianMatcher+JohnsonDijkstraStrategy,373,mixed,defect_at_iteration,126
C2,500,2,26,HungarianMatcher+JohnsonDijkstraStrategy,374,mixed,edge_relaxations,250000
C2,500,2,26,HungarianMatcher+JohnsonDijkstraStrategy,374,mixed,defect_at_iteration,125
C2,500,2,26,HungarianMatcher+JohnsonDijkstraStrategy,375,mixed,edge_relaxations,250000
C2,500,2,26,HungarianMatcher+JohnsonDijkstraStrategy,375,mixed,defect_at_iteration,124
C2,500,2,26,HungarianMatcher+JohnsonDijkstraStrategy,376,mixed,edge_relaxations,250000
C2,500,2,26,HungarianMatcher+JohnsonDijkstraStrategy,376,mixed,defect_at_iteration,123
C2,500,2,26,HungarianMatcher+JohnsonDijkstraStrategy,377,mixed,edge_relaxations,250000
C2,500,2,26,HungarianMatcher+JohnsonDijkstraStrategy,377,mixed,defect_at_iteration,122
C2,500,2,26,HungarianMatcher+JohnsonDijkstraStrategy,378,mixed,edge_relaxations,250000
C2,500,2,26,HungarianMatcher+JohnsonDijkstraStrategy,378,mixed,defect_at_iteration,121
C2,500,2,26,HungarianMatcher+JohnsonDijkstraStrategy,379,mixed,edge_relaxations,250000
C2,500,2,26,HungarianMatcher+JohnsonDijkstraStrategy,379,mixed,defect_at_iteration,120
C2,500,2,26,HungarianMatcher+JohnsonDijkstraStrategy,380,mixed,edge_relaxations,250000
C2,500,2,26,HungarianMatcher+JohnsonDijkstraStrategy,380,mixed,defect_at_iteration,119
C2,500,2,26,HungarianMatcher+JohnsonDijkstraStrategy,381,mixed,edge_relaxations,250000
C2,500,2,26,HungarianMatcher+JohnsonDijkstraStrategy,381,mixed,defect_at_iteration,118
C2,500,2,26,HungarianMatcher+JohnsonDijkstraStrategy,382,mixed,edge_relaxations,250000
C2,500,2,26,HungarianMatcher+JohnsonDijkstraStrategy,382,mixed,defect_at_iteration,117
C2,500,2,26,HungarianMatcher+JohnsonDijkstraStrategy,383,mixed,edge_relaxations,250000
C2,500,2,26,HungarianMatcher+JohnsonDijkstraStrategy,383,mixed,defect_at_iteration,116
C2,500,2,26,HungarianMatcher+JohnsonDijkstraStrategy,384,mixed,edge_relaxations,250000
C2,500,2,26,HungarianMatcher+JohnsonDijkstraStrategy,384,mixed,defect_at_iteration,115
C2,500,2,26,HungarianMatcher+JohnsonDijkstraStrategy,385,mixed,edge_relaxations,250000
C2,500,2,26,HungarianMatcher+JohnsonDijkstraStrategy,385,mixed,defect_at_iteration,114
C2,500,2,26,HungarianMatcher+JohnsonDijkstraStrategy,386,mixed,edge_relaxations,250000
C2,500,2,26,HungarianMatcher+JohnsonDijkstraStrategy,386,mixed,defect_at_iteration,113
C2,500,2,26,HungarianMatcher+JohnsonDijkstraStrategy,387,mixed,edge_relaxations,250000
C2,500,2,26,HungarianMatcher+JohnsonDijkstraStrategy,387,mixed,defect_at_iteration,112
C2,500,2,26,HungarianMatcher+JohnsonDijkstraStrategy,388,mixed,edge_relaxations,250000
C2,500,2,26,HungarianMatcher+JohnsonDijkstraStrategy,388,mixed,defect_at_iteration,111
C2,500,2,26,HungarianMatcher+JohnsonDijkstraStrategy,389,mixed,edge_relaxations,250000
C2,500,2,26,HungarianMatcher+JohnsonDijkstraStrategy,389,mixed,defect_at_iteration,110
C2,500,2,26,HungarianMatcher+JohnsonDijkstraStrategy,390,mixed,edge_relaxations,250000
C2,500,2,26,HungarianMatcher+JohnsonDijkstraStrategy,390,mixed,defect_at_iteration,109
C2,500,2,26,HungarianMatcher+JohnsonDijkstraStrategy,391,mixed,edge_relaxations,250000
C2,500,2,26,HungarianMatcher+JohnsonDijkstraStrategy,391,mixed,defect_at_iteration,108
C2,500,2,26,HungarianMatcher+JohnsonDijkstraStrategy,392,mixed,edge_relaxations,250000
C2,500,2,26,HungarianMatcher+JohnsonDijkstraStrategy,392,mixed,defect_at_iteration,107
C2,500,2,26,HungarianMatcher+JohnsonDijkstraStrategy,393,mixed,edge_relaxations,250000
C2,500,2,26,HungarianMatcher+JohnsonDijkstraStrategy,393,mixed,defect_at_iteration,106
C2,500,2,26,HungarianMatcher+JohnsonDijkstraStrategy,394,mixed,edge_relaxations,250000
C2,500,2,26,HungarianMatcher+JohnsonDijkstraStrategy,394,mixed,defect_at_iteration,105
C2,500,2,26,HungarianMatcher+JohnsonDijkstraStrategy,395,mixed,edge_relaxations,250000
C2,500,2,26,HungarianMatcher+JohnsonDijkstraStrategy,395,mixed,defect_at_iteration,104
C2,500,2,26,HungarianMatcher+JohnsonDijkstraStrategy,396,mixed,edge_relaxations,250000
C2,500,2,26,HungarianMatcher+JohnsonDijkstraStrategy,396,mixed,defect_at_iteration,103
C2,500,2,26,HungarianMatcher+JohnsonDijkstraStrategy,397,mixed,edge_relaxations,250000
C2,500,2,26,HungarianMatcher+JohnsonDijkstraStrategy,397,mixed,defect_at_iteration,102
C2,500,2,26,HungarianMatcher+JohnsonDijkstraStrategy,398,mixed,edge_relaxations,250000
C2,500,2,26,HungarianMatcher+JohnsonDijkstraStrategy,398,mixed,defect_at_iteration,101
C2,500,2,26,HungarianMatcher+JohnsonDijkstraStrategy,399,mixed,edge_relaxations,250000
C2,500,2,26,HungarianMatcher+JohnsonDijkstraStrategy,399,mixed,defect_at_iteration,100
C2,500,2,26,HungarianMatcher+JohnsonDijkstraStrategy,400,mixed,edge_relaxations,250000
C2,500,2,26,HungarianMatcher+JohnsonDijkstraStrategy,400,mixed,defect_at_iteration,99
C2,500,2,26,HungarianMatcher+JohnsonDijkstraStrategy,401,mixed,edge_relaxations,250000
C2,500,2,26,HungarianMatcher+JohnsonDijkstraStrategy,401,mixed,defect_at_iteration,98
C2,500,2,26,HungarianMatcher+JohnsonDijkstraStrategy,402,mixed,edge_relaxations,250000
C2,500,2,26,HungarianMatcher+JohnsonDijkstraStrategy,402,mixed,defect_at_iteration,97
C2,500,2,26,HungarianMatcher+JohnsonDijkstraStrategy,403,mixed,edge_relaxations,250000
C2,500,2,26,HungarianMatcher+JohnsonDijkstraStrategy,403,mixed,defect_at_iteration,96
C2,500,2,26,HungarianMatcher+JohnsonDijkstraStrategy,404,mixed,edge_relaxations,250000
C2,500,2,26,HungarianMatcher+JohnsonDijkstraStrategy,404,mixed,defect_at_iteration,95
C2,500,2,26,HungarianMatcher+JohnsonDijkstraStrategy,405,mixed,edge_relaxations,250000
C2,500,2,26,HungarianMatcher+JohnsonDijkstraStrategy,405,mixed,defect_at_iteration,94
C2,500,2,26,HungarianMatcher+JohnsonDijkstraStrategy,406,mixed,edge_relaxations,250000
C2,500,2,26,HungarianMatcher+JohnsonDijkstraStrategy,406,mixed,defect_at_iteration,93
C2,500,2,26,HungarianMatcher+JohnsonDijkstraStrategy,407,mixed,edge_relaxations,250000
C2,500,2,26,HungarianMatcher+JohnsonDijkstraStrategy,407,mixed,defect_at_iteration,92
C2,500,2,26,HungarianMatcher+JohnsonDijkstraStrategy,408,mixed,edge_relaxations,250000
C2,500,2,26,HungarianMatcher+JohnsonDijkstraStrategy,408,mixed,defect_at_iteration,91
C2,500,2,26,HungarianMatcher+JohnsonDijkstraStrategy,409,mixed,edge_relaxations,250000
C2,500,2,26,HungarianMatcher+JohnsonDijkstraStrategy,409,mixed,defect_at_iteration,90
C2,500,2,26,HungarianMatcher+JohnsonDijkstraStrategy,410,mixed,edge_relaxations,250000
C2,500,2,26,HungarianMatcher+JohnsonDijkstraStrategy,410,mixed,defect_at_iteration,89
C2,500,2,26,HungarianMatcher+JohnsonDijkstraStrategy,411,mixed,edge_relaxations,250000
C2,500,2,26,HungarianMatcher+JohnsonDijkstraStrategy,411,mixed,defect_at_iteration,88
C2,500,2,26,HungarianMatcher+JohnsonDijkstraStrategy,412,mixed,edge_relaxations,250000
C2,500,2,26,HungarianMatcher+JohnsonDijkstraStrategy,412,mixed,defect_at_iteration,87
C2,500,2,26,HungarianMatcher+JohnsonDijkstraStrategy,413,mixed,edge_relaxations,250000
C2,500,2,26,HungarianMatcher+JohnsonDijkstraStrategy,413,mixed,defect_at_iteration,86
C2,500,2,26,HungarianMatcher+JohnsonDijkstraStrategy,414,mixed,edge_relaxations,250000
C2,500,2,26,HungarianMatcher+JohnsonDijkstraStrategy,414,mixed,defect_at_iteration,85
C2,500,2,26,HungarianMatcher+JohnsonDijkstraStrategy,415,mixed,edge_relaxations,250000
C2,500,2,26,HungarianMatcher+JohnsonDijkstraStrategy,415,mixed,defect_at_iteration,84
C2,500,2,26,HungarianMatcher+JohnsonDijkstraStrategy,416,mixed,edge_relaxations,250000
C2,500,2,26,HungarianMatcher+JohnsonDijkstraStrategy,416,mixed,defect_at_iteration,83
C2,500,2,26,HungarianMatcher+JohnsonDijkstraStrategy,417,mixed,edge_relaxations,250000
C2,500,2,26,HungarianMatcher+JohnsonDijkstraStrategy,417,mixed,defect_at_iteration,82
C2,500,2,26,HungarianMatcher+JohnsonDijkstraStrategy,418,mixed,edge_relaxations,250000
C2,500,2,26,HungarianMatcher+JohnsonDijkstraStrategy,418,mixed,defect_at_iteration,81
C2,500,2,26,HungarianMatcher+JohnsonDijkstraStrategy,419,mixed,edge_relaxations,250000
C2,500,2,26,HungarianMatcher+JohnsonDijkstraStrategy,419,mixed,defect_at_iteration,80
C2,500,2,26,HungarianMatcher+JohnsonDijkstraStrategy,420,mixed,edge_relaxations,250000
C2,500,2,26,HungarianMatcher+JohnsonDijkstraStrategy,420,mixed,defect_at_iteration,79
C2,500,2,26,HungarianMatcher+JohnsonDijkstraStrategy,421,mixed,edge_relaxations,250000
C2,500,2,26,HungarianMatcher+JohnsonDijkstraStrategy,421,mixed,defect_at_iteration,78
C2,500,2,26,HungarianMatcher+JohnsonDijkstraStrategy,422,mixed,edge_relaxations,250000
C2,500,2,26,HungarianMatcher+JohnsonDijkstraStrategy,422,mixed,defect_at_iteration,77
C2,500,2,26,HungarianMatcher+JohnsonDijkstraStrategy,423,mixed,edge_relaxations,250000
C2,500,2,26,HungarianMatcher+JohnsonDijkstraStrategy,423,mixed,defect_at_iteration,76
C2,500,2,26,HungarianMatcher+JohnsonDijkstraStrategy,424,mixed,edge_relaxations,250000
C2,500,2,26,HungarianMatcher+JohnsonDijkstraStrategy,424,mixed,defect_at_iteration,75
C2,500,2,26,HungarianMatcher+JohnsonDijkstraStrategy,425,mixed,edge_relaxations,250000
C2,500,2,26,HungarianMatcher+JohnsonDijkstraStrategy,425,mixed,defect_at_iteration,74
C2,500,2,26,HungarianMatcher+JohnsonDijkstraStrategy,426,mixed,edge_relaxations,250000
C2,500,2,26,HungarianMatcher+JohnsonDijkstraStrategy,426,mixed,defect_at_iteration,73
C2,500,2,26,HungarianMatcher+JohnsonDijkstraStrategy,427,mixed,edge_relaxations,250000
C2,500,2,26,HungarianMatcher+JohnsonDijkstraStrategy,427,mixed,defect_at_iteration,72
C2,500,2,26,HungarianMatcher+JohnsonDijkstraStrategy,428,mixed,edge_relaxations,250000
C2,500,2,26,HungarianMatcher+JohnsonDijkstraStrategy,428,mixed,defect_at_iteration,71
C2,500,2,26,HungarianMatcher+JohnsonDijkstraStrategy,429,mixed,edge_relaxations,250000
C2,500,2,26,HungarianMatcher+JohnsonDijkstraStrategy,429,mixed,defect_at_iteration,70
C2,500,2,26,HungarianMatcher+JohnsonDijkstraStrategy,430,mixed,edge_relaxations,250000
C2,500,2,26,HungarianMatcher+JohnsonDijkstraStrategy,430,mixed,defect_at_iteration,69
C2,500,2,26,HungarianMatcher+JohnsonDijkstraStrategy,431,mixed,edge_relaxations,250000
C2,500,2,26,HungarianMatcher+JohnsonDijkstraStrategy,431,mixed,defect_at_iteration,68
C2,500,2,26,HungarianMatcher+JohnsonDijkstraStrategy,432,mixed,edge_relaxations,250000
C2,500,2,26,HungarianMatcher+JohnsonDijkstraStrategy,432,mixed,defect_at_iteration,67
C2,500,2,26,HungarianMatcher+JohnsonDijkstraStrategy,433,mixed,edge_relaxations,250000
C2,500,2,26,HungarianMatcher+JohnsonDijkstraStrategy,433,mixed,defect_at_iteration,66
C2,500,2,26,HungarianMatcher+JohnsonDijkstraStrategy,434,mixed,edge_relaxations,250000
C2,500,2,26,HungarianMatcher+JohnsonDijkstraStrategy,434,mixed,defect_at_iteration,65
C2,500,2,26,HungarianMatcher+JohnsonDijkstraStrategy,435,mixed,edge_relaxations,250000
C2,500,2,26,HungarianMatcher+JohnsonDijkstraStrategy,435,mixed,defect_at_iteration,64
C2,500,2,26,HungarianMatcher+JohnsonDijkstraStrategy,436,mixed,edge_relaxations,250000
C2,500,2,26,HungarianMatcher+JohnsonDijkstraStrategy,436,mixed,defect_at_iteration,63
C2,500,2,26,HungarianMatcher+JohnsonDijkstraStrategy,437,mixed,edge_relaxations,250000
C2,500,2,26,HungarianMatcher+JohnsonDijkstraStrategy,437,mixed,defect_at_iteration,62
C2,500,2,26,HungarianMatcher+JohnsonDijkstraStrategy,438,mixed,edge_relaxations,250000
C2,500,2,26,HungarianMatcher+JohnsonDijkstraStrategy,438,mixed,defect_at_iteration,61
C2,500,2,26,HungarianMatcher+JohnsonDijkstraStrategy,439,mixed,edge_relaxations,250000
C2,500,2,26,HungarianMatcher+JohnsonDijkstraStrategy,439,mixed,defect_at_iteration,60
C2,500,2,26,HungarianMatcher+JohnsonDijkstraStrategy,440,mixed,edge_relaxations,250000
C2,500,2,26,HungarianMatcher+JohnsonDijkstraStrategy,440,mixed,defect_at_iteration,59
C2,500,2,26,HungarianMatcher+JohnsonDijkstraStrategy,441,mixed,edge_relaxations,250000
C2,500,2,26,HungarianMatcher+JohnsonDijkstraStrategy,441,mixed,defect_at_iteration,58
C2,500,2,26,HungarianMatcher+JohnsonDijkstraStrategy,442,mixed,edge_relaxations,250000
C2,500,2,26,HungarianMatcher+JohnsonDijkstraStrategy,442,mixed,defect_at_iteration,57
C2,500,2,26,HungarianMatcher+JohnsonDijkstraStrategy,443,mixed,edge_relaxations,250000
C2,500,2,26,HungarianMatcher+JohnsonDijkstraStrategy,443,mixed,defect_at_iteration,56
C2,500,2,26,HungarianMatcher+JohnsonDijkstraStrategy,444,mixed,edge_relaxations,250000
C2,500,2,26,HungarianMatcher+JohnsonDijkstraStrategy,444,mixed,defect_at_iteration,55
C2,500,2,26,HungarianMatcher+JohnsonDijkstraStrategy,445,mixed,edge_relaxations,250000
C2,500,2,26,HungarianMatcher+JohnsonDijkstraStrategy,445,mixed,defect_at_iteration,54
C2,500,2,26,HungarianMatcher+JohnsonDijkstraStrategy,446,mixed,edge_relaxations,250000
C2,500,2,26,HungarianMatcher+JohnsonDijkstraStrategy,446,mixed,defect_at_iteration,53
C2,500,2,26,HungarianMatcher+JohnsonDijkstraStrategy,447,mixed,edge_relaxations,250000
C2,500,2,26,HungarianMatcher+JohnsonDijkstraStrategy,447,mixed,defect_at_iteration,52
C2,500,2,26,HungarianMatcher+JohnsonDijkstraStrategy,448,mixed,edge_relaxations,250000
C2,500,2,26,HungarianMatcher+JohnsonDijkstraStrategy,448,mixed,defect_at_iteration,51
C2,500,2,26,HungarianMatcher+JohnsonDijkstraStrategy,449,mixed,edge_relaxations,250000
C2,500,2,26,HungarianMatcher+JohnsonDijkstraStrategy,449,mixed,defect_at_iteration,50
C2,500,2,26,HungarianMatcher+JohnsonDijkstraStrategy,450,mixed,edge_relaxations,250000
C2,500,2,26,HungarianMatcher+JohnsonDijkstraStrategy,450,mixed,defect_at_iteration,49
C2,500,2,26,HungarianMatcher+JohnsonDijkstraStrategy,451,mixed,edge_relaxations,250000
C2,500,2,26,HungarianMatcher+JohnsonDijkstraStrategy,451,mixed,defect_at_iteration,48
C2,500,2,26,HungarianMatcher+JohnsonDijkstraStrategy,452,mixed,edge_relaxations,250000
C2,500,2,26,HungarianMatcher+JohnsonDijkstraStrategy,452,mixed,defect_at_iteration,47
C2,500,2,26,HungarianMatcher+JohnsonDijkstraStrategy,453,mixed,edge_relaxations,250000
C2,500,2,26,HungarianMatcher+JohnsonDijkstraStrategy,453,mixed,defect_at_iteration,46
C2,500,2,26,HungarianMatcher+JohnsonDijkstraStrategy,454,mixed,edge_relaxations,250000
C2,500,2,26,HungarianMatcher+JohnsonDijkstraStrategy,454,mixed,defect_at_iteration,45
C2,500,2,26,HungarianMatcher+JohnsonDijkstraStrategy,455,mixed,edge_relaxations,250000
C2,500,2,26,HungarianMatcher+JohnsonDijkstraStrategy,455,mixed,defect_at_iteration,44
C2,500,2,26,HungarianMatcher+JohnsonDijkstraStrategy,456,mixed,edge_relaxations,250000
C2,500,2,26,HungarianMatcher+JohnsonDijkstraStrategy,456,mixed,defect_at_iteration,43
C2,500,2,26,HungarianMatcher+JohnsonDijkstraStrategy,457,mixed,edge_relaxations,250000
C2,500,2,26,HungarianMatcher+JohnsonDijkstraStrategy,457,mixed,defect_at_iteration,42
C2,500,2,26,HungarianMatcher+JohnsonDijkstraStrategy,458,mixed,edge_relaxations,250000
C2,500,2,26,HungarianMatcher+JohnsonDijkstraStrategy,458,mixed,defect_at_iteration,41
C2,500,2,26,HungarianMatcher+JohnsonDijkstraStrategy,459,mixed,edge_relaxations,250000
C2,500,2,26,HungarianMatcher+JohnsonDijkstraStrategy,459,mixed,defect_at_iteration,40
C2,500,2,26,HungarianMatcher+JohnsonDijkstraStrategy,460,mixed,edge_relaxations,250000
C2,500,2,26,HungarianMatcher+JohnsonDijkstraStrategy,460,mixed,defect_at_iteration,39
C2,500,2,26,HungarianMatcher+JohnsonDijkstraStrategy,461,mixed,edge_relaxations,250000
C2,500,2,26,HungarianMatcher+JohnsonDijkstraStrategy,461,mixed,defect_at_iteration,38
C2,500,2,26,HungarianMatcher+JohnsonDijkstraStrategy,462,mixed,edge_relaxations,250000
C2,500,2,26,HungarianMatcher+JohnsonDijkstraStrategy,462,mixed,defect_at_iteration,37
C2,500,2,26,HungarianMatcher+JohnsonDijkstraStrategy,463,mixed,edge_relaxations,250000
C2,500,2,26,HungarianMatcher+JohnsonDijkstraStrategy,463,mixed,defect_at_iteration,36
C2,500,2,26,HungarianMatcher+JohnsonDijkstraStrategy,464,mixed,edge_relaxations,250000
C2,500,2,26,HungarianMatcher+JohnsonDijkstraStrategy,464,mixed,defect_at_iteration,35
C2,500,2,26,HungarianMatcher+JohnsonDijkstraStrategy,465,mixed,edge_relaxations,250000
C2,500,2,26,HungarianMatcher+JohnsonDijkstraStrategy,465,mixed,defect_at_iteration,34
C2,500,2,26,HungarianMatcher+JohnsonDijkstraStrategy,466,mixed,edge_relaxations,250000
C2,500,2,26,HungarianMatcher+JohnsonDijkstraStrategy,466,mixed,defect_at_iteration,33
C2,500,2,26,HungarianMatcher+JohnsonDijkstraStrategy,467,mixed,edge_relaxations,250000
C2,500,2,26,HungarianMatcher+JohnsonDijkstraStrategy,467,mixed,defect_at_iteration,32
C2,500,2,26,HungarianMatcher+JohnsonDijkstraStrategy,468,mixed,edge_relaxations,250000
C2,500,2,26,HungarianMatcher+JohnsonDijkstraStrategy,468,mixed,defect_at_iteration,31
C2,500,2,26,HungarianMatcher+JohnsonDijkstraStrategy,469,mixed,edge_relaxations,250000
C2,500,2,26,HungarianMatcher+JohnsonDijkstraStrategy,469,mixed,defect_at_iteration,30
C2,500,2,26,HungarianMatcher+JohnsonDijkstraStrategy,470,mixed,edge_relaxations,250000
C2,500,2,26,HungarianMatcher+JohnsonDijkstraStrategy,470,mixed,defect_at_iteration,29
C2,500,2,26,HungarianMatcher+JohnsonDijkstraStrategy,471,mixed,edge_relaxations,250000
C2,500,2,26,HungarianMatcher+JohnsonDijkstraStrategy,471,mixed,defect_at_iteration,28
C2,500,2,26,HungarianMatcher+JohnsonDijkstraStrategy,472,mixed,edge_relaxations,250000
C2,500,2,26,HungarianMatcher+JohnsonDijkstraStrategy,472,mixed,defect_at_iteration,27
C2,500,2,26,HungarianMatcher+JohnsonDijkstraStrategy,473,mixed,edge_relaxations,250000
C2,500,2,26,HungarianMatcher+JohnsonDijkstraStrategy,473,mixed,defect_at_iteration,26
C2,500,2,26,HungarianMatcher+JohnsonDijkstraStrategy,474,mixed,edge_relaxations,250000
C2,500,2,26,HungarianMatcher+JohnsonDijkstraStrategy,474,mixed,defect_at_iteration,25
C2,500,2,26,HungarianMatcher+JohnsonDijkstraStrategy,475,mixed,edge_relaxations,250000
C2,500,2,26,HungarianMatcher+JohnsonDijkstraStrategy,475,mixed,defect_at_iteration,24
C2,500,2,26,HungarianMatcher+JohnsonDijkstraStrategy,476,mixed,edge_relaxations,250000
C2,500,2,26,HungarianMatcher+JohnsonDijkstraStrategy,476,mixed,defect_at_iteration,23
C2,500,2,26,HungarianMatcher+JohnsonDijkstraStrategy,477,mixed,edge_relaxations,250000
C2,500,2,26,HungarianMatcher+JohnsonDijkstraStrategy,477,mixed,defect_at_iteration,22
C2,500,2,26,HungarianMatcher+JohnsonDijkstraStrategy,478,mixed,edge_relaxations,250000
C2,500,2,26,HungarianMatcher+JohnsonDijkstraStrategy,478,mixed,defect_at_iteration,21
C2,500,2,26,HungarianMatcher+JohnsonDijkstraStrategy,479,mixed,edge_relaxations,250000
C2,500,2,26,HungarianMatcher+JohnsonDijkstraStrategy,479,mixed,defect_at_iteration,20
C2,500,2,26,HungarianMatcher+JohnsonDijkstraStrategy,480,mixed,edge_relaxations,250000
C2,500,2,26,HungarianMatcher+JohnsonDijkstraStrategy,480,mixed,defect_at_iteration,19
C2,500,2,26,HungarianMatcher+JohnsonDijkstraStrategy,481,mixed,edge_relaxations,250000
C2,500,2,26,HungarianMatcher+JohnsonDijkstraStrategy,481,mixed,defect_at_iteration,18
C2,500,2,26,HungarianMatcher+JohnsonDijkstraStrategy,482,mixed,edge_relaxations,250000
C2,500,2,26,HungarianMatcher+JohnsonDijkstraStrategy,482,mixed,defect_at_iteration,17
C2,500,2,26,HungarianMatcher+JohnsonDijkstraStrategy,483,mixed,edge_relaxations,250000
C2,500,2,26,HungarianMatcher+JohnsonDijkstraStrategy,483,mixed,defect_at_iteration,16
C2,500,2,26,HungarianMatcher+JohnsonDijkstraStrategy,484,mixed,edge_relaxations,250000
C2,500,2,26,HungarianMatcher+JohnsonDijkstraStrategy,484,mixed,defect_at_iteration,15
C2,500,2,26,HungarianMatcher+JohnsonDijkstraStrategy,485,mixed,edge_relaxations,250000
C2,500,2,26,HungarianMatcher+JohnsonDijkstraStrategy,485,mixed,defect_at_iteration,14
C2,500,2,26,HungarianMatcher+JohnsonDijkstraStrategy,486,mixed,edge_relaxations,250000
C2,500,2,26,HungarianMatcher+JohnsonDijkstraStrategy,486,mixed,defect_at_iteration,13
C2,500,2,26,HungarianMatcher+JohnsonDijkstraStrategy,487,mixed,edge_relaxations,250000
C2,500,2,26,HungarianMatcher+JohnsonDijkstraStrategy,487,mixed,defect_at_iteration,12
C2,500,2,26,HungarianMatcher+JohnsonDijkstraStrategy,488,mixed,edge_relaxations,250000
C2,500,2,26,HungarianMatcher+JohnsonDijkstraStrategy,488,mixed,defect_at_iteration,11
C2,500,2,26,HungarianMatcher+JohnsonDijkstraStrategy,489,mixed,edge_relaxations,250000
C2,500,2,26,HungarianMatcher+JohnsonDijkstraStrategy,489,mixed,defect_at_iteration,10
C2,500,2,26,HungarianMatcher+JohnsonDijkstraStrategy,490,mixed,edge_relaxations,250000
C2,500,2,26,HungarianMatcher+JohnsonDijkstraStrategy,490,mixed,defect_at_iteration,9
C2,500,2,26,HungarianMatcher+JohnsonDijkstraStrategy,491,mixed,edge_relaxations,250000
C2,500,2,26,HungarianMatcher+JohnsonDijkstraStrategy,491,mixed,defect_at_iteration,8
C2,500,2,26,HungarianMatcher+JohnsonDijkstraStrategy,492,mixed,edge_relaxations,250000
C2,500,2,26,HungarianMatcher+JohnsonDijkstraStrategy,492,mixed,defect_at_iteration,7
C2,500,2,26,HungarianMatcher+JohnsonDijkstraStrategy,493,mixed,edge_relaxations,250000
C2,500,2,26,HungarianMatcher+JohnsonDijkstraStrategy,493,mixed,defect_at_iteration,6
C2,500,2,26,HungarianMatcher+JohnsonDijkstraStrategy,494,mixed,edge_relaxations,250000
C2,500,2,26,HungarianMatcher+JohnsonDijkstraStrategy,494,mixed,defect_at_iteration,5
C2,500,2,26,HungarianMatcher+JohnsonDijkstraStrategy,495,mixed,edge_relaxations,250000
C2,500,2,26,HungarianMatcher+JohnsonDijkstraStrategy,495,mixed,defect_at_iteration,4
C2,500,2,26,HungarianMatcher+JohnsonDijkstraStrategy,496,mixed,edge_relaxations,250000
C2,500,2,26,HungarianMatcher+JohnsonDijkstraStrategy,496,mixed,defect_at_iteration,3
C2,500,2,26,HungarianMatcher+JohnsonDijkstraStrategy,497,mixed,edge_relaxations,250000
C2,500,2,26,HungarianMatcher+JohnsonDijkstraStrategy,497,mixed,defect_at_iteration,2
C2,500,2,26,HungarianMatcher+JohnsonDijkstraStrategy,498,mixed,edge_relaxations,250000
C2,500,2,26,HungarianMatcher+JohnsonDijkstraStrategy,498,mixed,defect_at_iteration,1
C2,500,2,26,HungarianMatcher+JohnsonDijkstraStrategy,499,mixed,edge_relaxations,250000
C2,500,2,26,HungarianMatcher+JohnsonDijkstraStrategy,499,mixed,defect_at_iteration,0
C2,500,2,26,HungarianMatcher+JohnsonDijkstraStrategy,-1,mixed,augmentation_count,500
C2,500,2,26,HungarianMatcher+JohnsonDijkstraStrategy,-1,mixed,matching_value,-1.18921e+08
C2,500,2,26,HungarianMatcher+JohnsonDijkstraStrategy,-1,mixed,matching_size,500
C2,500,2,26,HungarianMatcher+JohnsonDijkstraStrategy,-1,mixed,wall_clock_ms,5091.91
