test_id,n,alpha,rep,algorithm,iteration,weight_regime,metric_name,metric_value
W4,500,1.5,3,HungarianMatcher+BellmanFordStrategy,0,negative,defect_at_iteration,499
W4,500,1.5,3,HungarianMatcher+BellmanFordStrategy,1,negative,defect_at_iteration,498
W4,500,1.5,3,HungarianMatcher+BellmanFordStrategy,2,negative,defect_at_iteration,497
W4,500,1.5,3,HungarianMatcher+BellmanFordStrategy,3,negative,defect_at_iteration,496
W4,500,1.5,3,HungarianMatcher+BellmanFordStrategy,4,negative,defect_at_iteration,495
W4,500,1.5,3,HungarianMatcher+BellmanFordStrategy,5,negative,defect_at_iteration,494
W4,500,1.5,3,HungarianMatcher+BellmanFordStrategy,6,negative,defect_at_iteration,493
W4,500,1.5,3,HungarianMatcher+BellmanFordStrategy,7,negative,defect_at_iteration,492
W4,500,1.5,3,HungarianMatcher+BellmanFordStrategy,8,negative,defect_at_iteration,491
W4,500,1.5,3,HungarianMatcher+BellmanFordStrategy,9,negative,defect_at_iteration,490
W4,500,1.5,3,HungarianMatcher+BellmanFordStrategy,10,negative,defect_at_iteration,489
W4,500,1.5,3,HungarianMatcher+BellmanFordStrategy,11,negative,defect_at_iteration,488
W4,500,1.5,3,HungarianMatcher+BellmanFordStrategy,12,negative,defect_at_iteration,487
W4,500,1.5,3,HungarianMatcher+BellmanFordStrategy,13,negative,defect_at_iteration,486
W4,500,1.5,3,HungarianMatcher+BellmanFordStrategy,14,negative,defect_at_iteration,485
W4,500,1.5,3,HungarianMatcher+BellmanFordStrategy,15,negative,defect_at_iteration,484
W4,500,1.5,3,HungarianMatcher+BellmanFordStrategy,16,negative,defect_at_iteration,483
W4,500,1.5,3,HungarianMatcher+BellmanFordStrategy,17,negative,defect_at_iteration,482
W4,500,1.5,3,HungarianMatcher+BellmanFordStrategy,18,negative,defect_at_iteration,481
W4,500,1.5,3,HungarianMatcher+BellmanFordStrategy,19,negative,defect_at_iteration,480
W4,500,1.5,3,HungarianMatcher+BellmanFordStrategy,20,negative,defect_at_iteration,479
W4,500,1.5,3,HungarianMatcher+BellmanFordStrategy,21,negative,defect_at_iteration,478
W4,500,1.5,3,HungarianMatcher+BellmanFordStrategy,22,negative,defect_at_iteration,477
W4,500,1.5,3,HungarianMatcher+BellmanFordStrategy,23,negative,defect_at_iteration,476
W4,500,1.5,3,HungarianMatcher+BellmanFordStrategy,24,negative,defect_at_iteration,475
W4,500,1.5,3,HungarianMatcher+BellmanFordStrategy,25,negative,defect_at_iteration,474
W4,500,1.5,3,HungarianMatcher+BellmanFordStrategy,26,negative,defect_at_iteration,473
W4,500,1.5,3,HungarianMatcher+BellmanFordStrategy,27,negative,defect_at_iteration,472
W4,500,1.5,3,HungarianMatcher+BellmanFordStrategy,28,negative,defect_at_iteration,471
W4,500,1.5,3,HungarianMatcher+BellmanFordStrategy,29,negative,defect_at_iteration,470
W4,500,1.5,3,HungarianMatcher+BellmanFordStrategy,30,negative,defect_at_iteration,469
W4,500,1.5,3,HungarianMatcher+BellmanFordStrategy,31,negative,defect_at_iteration,468
W4,500,1.5,3,HungarianMatcher+BellmanFordStrategy,32,negative,defect_at_iteration,467
W4,500,1.5,3,HungarianMatcher+BellmanFordStrategy,33,negative,defect_at_iteration,466
W4,500,1.5,3,HungarianMatcher+BellmanFordStrategy,34,negative,defect_at_iteration,465
W4,500,1.5,3,HungarianMatcher+BellmanFordStrategy,35,negative,defect_at_iteration,464
W4,500,1.5,3,HungarianMatcher+BellmanFordStrategy,36,negative,defect_at_iteration,463
W4,500,1.5,3,HungarianMatcher+BellmanFordStrategy,37,negative,defect_at_iteration,462
W4,500,1.5,3,HungarianMatcher+BellmanFordStrategy,38,negative,defect_at_iteration,461
W4,500,1.5,3,HungarianMatcher+BellmanFordStrategy,39,negative,defect_at_iteration,460
W4,500,1.5,3,HungarianMatcher+BellmanFordStrategy,40,negative,defect_at_iteration,459
W4,500,1.5,3,HungarianMatcher+BellmanFordStrategy,41,negative,defect_at_iteration,458
W4,500,1.5,3,HungarianMatcher+BellmanFordStrategy,42,negative,defect_at_iteration,457
W4,500,1.5,3,HungarianMatcher+BellmanFordStrategy,43,negative,defect_at_iteration,456
W4,500,1.5,3,HungarianMatcher+BellmanFordStrategy,44,negative,defect_at_iteration,455
W4,500,1.5,3,HungarianMatcher+BellmanFordStrategy,45,negative,defect_at_iteration,454
W4,500,1.5,3,HungarianMatcher+BellmanFordStrategy,46,negative,defect_at_iteration,453
W4,500,1.5,3,HungarianMatcher+BellmanFordStrategy,47,negative,defect_at_iteration,452
W4,500,1.5,3,HungarianMatcher+BellmanFordStrategy,48,negative,defect_at_iteration,451
W4,500,1.5,3,HungarianMatcher+BellmanFordStrategy,49,negative,defect_at_iteration,450
W4,500,1.5,3,HungarianMatcher+BellmanFordStrategy,50,negative,defect_at_iteration,449
W4,500,1.5,3,HungarianMatcher+BellmanFordStrategy,51,negative,defect_at_iteration,448
W4,500,1.5,3,HungarianMatcher+BellmanFordStrategy,52,negative,defect_at_iteration,447
W4,500,1.5,3,HungarianMatcher+BellmanFordStrategy,53,negative,defect_at_iteration,446
W4,500,1.5,3,HungarianMatcher+BellmanFordStrategy,54,negative,defect_at_iteration,445
W4,500,1.5,3,HungarianMatcher+BellmanFordStrategy,55,negative,defect_at_iteration,444
W4,500,1.5,3,HungarianMatcher+BellmanFordStrategy,56,negative,defect_at_iteration,443
W4,500,1.5,3,HungarianMatcher+BellmanFordStrategy,57,negative,defect_at_iteration,442
W4,500,1.5,3,HungarianMatcher+BellmanFordStrategy,58,negative,defect_at_iteration,441
W4,500,1.5,3,HungarianMatcher+BellmanFordStrategy,59,negative,defect_at_iteration,440
W4,500,1.5,3,HungarianMatcher+BellmanFordStrategy,60,negative,defect_at_iteration,439
W4,500,1.5,3,HungarianMatcher+BellmanFordStrategy,61,negative,defect_at_iteration,438
W4,500,1.5,3,HungarianMatcher+BellmanFordStrategy,62,negative,defect_at_iteration,437
W4,500,1.5,3,HungarianMatcher+BellmanFordStrategy,63,negative,defect_at_iteration,436
W4,500,1.5,3,HungarianMatcher+BellmanFordStrategy,64,negative,defect_at_iteration,435
W4,500,1.5,3,HungarianMatcher+BellmanFordStrategy,65,negative,defect_at_iteration,434
W4,500,1.5,3,HungarianMatcher+BellmanFordStrategy,66,negative,defect_at_iteration,433
W4,500,1.5,3,HungarianMatcher+BellmanFordStrategy,67,negative,defect_at_iteration,432
W4,500,1.5,3,HungarianMatcher+BellmanFordStrategy,68,negative,defect_at_iteration,431
W4,500,1.5,3,HungarianMatcher+BellmanFordStrategy,69,negative,defect_at_iteration,430
W4,500,1.5,3,HungarianMatcher+BellmanFordStrategy,70,negative,defect_at_iteration,429
W4,500,1.5,3,HungarianMatcher+BellmanFordStrategy,71,negative,defect_at_iteration,428
W4,500,1.5,3,HungarianMatcher+BellmanFordStrategy,72,negative,defect_at_iteration,427
W4,500,1.5,3,HungarianMatcher+BellmanFordStrategy,73,negative,defect_at_iteration,426
W4,500,1.5,3,HungarianMatcher+BellmanFordStrategy,74,negative,defect_at_iteration,425
W4,500,1.5,3,HungarianMatcher+BellmanFordStrategy,75,negative,defect_at_iteration,424
W4,500,1.5,3,HungarianMatcher+BellmanFordStrategy,76,negative,defect_at_iteration,423
W4,500,1.5,3,HungarianMatcher+BellmanFordStrategy,77,negative,defect_at_iteration,422
W4,500,1.5,3,HungarianMatcher+BellmanFordStrategy,78,negative,defect_at_iteration,421
W4,500,1.5,3,HungarianMatcher+BellmanFordStrategy,79,negative,defect_at_iteration,420
W4,500,1.5,3,HungarianMatcher+BellmanFordStrategy,80,negative,defect_at_iteration,419
W4,500,1.5,3,HungarianMatcher+BellmanFordStrategy,81,negative,defect_at_iteration,418
W4,500,1.5,3,HungarianMatcher+BellmanFordStrategy,82,negative,defect_at_iteration,417
W4,500,1.5,3,HungarianMatcher+BellmanFordStrategy,83,negative,defect_at_iteration,416
W4,500,1.5,3,HungarianMatcher+BellmanFordStrategy,84,negative,defect_at_iteration,415
W4,500,1.5,3,HungarianMatcher+BellmanFordStrategy,85,negative,defect_at_iteration,414
W4,500,1.5,3,HungarianMatcher+BellmanFordStrategy,86,negative,defect_at_iteration,413
W4,500,1.5,3,HungarianMatcher+BellmanFordStrategy,87,negative,defect_at_iteration,412
W4,500,1.5,3,HungarianMatcher+BellmanFordStrategy,88,negative,defect_at_iteration,411
W4,500,1.5,3,HungarianMatcher+BellmanFordStrategy,89,negative,defect_at_iteration,410
W4,500,1.5,3,HungarianMatcher+BellmanFordStrategy,90,negative,defect_at_iteration,409
W4,500,1.5,3,HungarianMatcher+BellmanFordStrategy,91,negative,defect_at_iteration,408
W4,500,1.5,3,HungarianMatcher+BellmanFordStrategy,92,negative,defect_at_iteration,407
W4,500,1.5,3,HungarianMatcher+BellmanFordStrategy,93,negative,defect_at_iteration,406
W4,500,1.5,3,HungarianMatcher+BellmanFordStrategy,94,negative,defect_at_iteration,405
W4,500,1.5,3,HungarianMatcher+BellmanFordStrategy,95,negative,defect_at_iteration,404
W4,500,1.5,3,HungarianMatcher+BellmanFordStrategy,96,negative,defect_at_iteration,403
W4,500,1.5,3,HungarianMatcher+BellmanFordStrategy,97,negative,defect_at_iteration,402
W4,500,1.5,3,HungarianMatcher+BellmanFordStrategy,98,negative,defect_at_iteration,401
W4,500,1.5,3,HungarianMatcher+BellmanFordStrategy,99,negative,defect_at_iteration,400
W4,500,1.5,3,HungarianMatcher+BellmanFordStrategy,100,negative,defect_at_iteration,399
W4,500,1.5,3,HungarianMatcher+BellmanFordStrategy,101,negative,defect_at_iteration,398
W4,500,1.5,3,HungarianMatcher+BellmanFordStrategy,102,negative,defect_at_iteration,397
W4,500,1.5,3,HungarianMatcher+BellmanFordStrategy,103,negative,defect_at_iteration,396
W4,500,1.5,3,HungarianMatcher+BellmanFordStrategy,104,negative,defect_at_iteration,395
W4,500,1.5,3,HungarianMatcher+BellmanFordStrategy,105,negative,defect_at_iteration,394
W4,500,1.5,3,HungarianMatcher+BellmanFordStrategy,106,negative,defect_at_iteration,393
W4,500,1.5,3,HungarianMatcher+BellmanFordStrategy,107,negative,defect_at_iteration,392
W4,500,1.5,3,HungarianMatcher+BellmanFordStrategy,108,negative,defect_at_iteration,391
W4,500,1.5,3,HungarianMatcher+BellmanFordStrategy,109,negative,defect_at_iteration,390
W4,500,1.5,3,HungarianMatcher+BellmanFordStrategy,110,negative,defect_at_iteration,389
W4,500,1.5,3,HungarianMatcher+BellmanFordStrategy,111,negative,defect_at_iteration,388
W4,500,1.5,3,HungarianMatcher+BellmanFordStrategy,112,negative,defect_at_iteration,387
W4,500,1.5,3,HungarianMatcher+BellmanFordStrategy,113,negative,defect_at_iteration,386
W4,500,1.5,3,HungarianMatcher+BellmanFordStrategy,114,negative,defect_at_iteration,385
W4,500,1.5,3,HungarianMatcher+BellmanFordStrategy,115,negative,defect_at_iteration,384
W4,500,1.5,3,HungarianMatcher+BellmanFordStrategy,116,negative,defect_at_iteration,383
W4,500,1.5,3,HungarianMatcher+BellmanFordStrategy,117,negative,defect_at_iteration,382
W4,500,1.5,3,HungarianMatcher+BellmanFordStrategy,118,negative,defect_at_iteration,381
W4,500,1.5,3,HungarianMatcher+BellmanFordStrategy,119,negative,defect_at_iteration,380
W4,500,1.5,3,HungarianMatcher+BellmanFordStrategy,120,negative,defect_at_iteration,379
W4,500,1.5,3,HungarianMatcher+BellmanFordStrategy,121,negative,defect_at_iteration,378
W4,500,1.5,3,HungarianMatcher+BellmanFordStrategy,122,negative,defect_at_iteration,377
W4,500,1.5,3,HungarianMatcher+BellmanFordStrategy,123,negative,defect_at_iteration,376
W4,500,1.5,3,HungarianMatcher+BellmanFordStrategy,124,negative,defect_at_iteration,375
W4,500,1.5,3,HungarianMatcher+BellmanFordStrategy,125,negative,defect_at_iteration,374
W4,500,1.5,3,HungarianMatcher+BellmanFordStrategy,126,negative,defect_at_iteration,373
W4,500,1.5,3,HungarianMatcher+BellmanFordStrategy,127,negative,defect_at_iteration,372
W4,500,1.5,3,HungarianMatcher+BellmanFordStrategy,128,negative,defect_at_iteration,371
W4,500,1.5,3,HungarianMatcher+BellmanFordStrategy,129,negative,defect_at_iteration,370
W4,500,1.5,3,HungarianMatcher+BellmanFordStrategy,130,negative,defect_at_iteration,369
W4,500,1.5,3,HungarianMatcher+BellmanFordStrategy,131,negative,defect_at_iteration,368
W4,500,1.5,3,HungarianMatcher+BellmanFordStrategy,132,negative,defect_at_iteration,367
W4,500,1.5,3,HungarianMatcher+BellmanFordStrategy,133,negative,defect_at_iteration,366
W4,500,1.5,3,HungarianMatcher+BellmanFordStrategy,134,negative,defect_at_iteration,365
W4,500,1.5,3,HungarianMatcher+BellmanFordStrategy,135,negative,defect_at_iteration,364
W4,500,1.5,3,HungarianMatcher+BellmanFordStrategy,136,negative,defect_at_iteration,363
W4,500,1.5,3,HungarianMatcher+BellmanFordStrategy,137,negative,defect_at_iteration,362
W4,500,1.5,3,HungarianMatcher+BellmanFordStrategy,138,negative,defect_at_iteration,361
W4,500,1.5,3,HungarianMatcher+BellmanFordStrategy,139,negative,defect_at_iteration,360
W4,500,1.5,3,HungarianMatcher+BellmanFordStrategy,140,negative,defect_at_iteration,359
W4,500,1.5,3,HungarianMatcher+BellmanFordStrategy,141,negative,defect_at_iteration,358
W4,500,1.5,3,HungarianMatcher+BellmanFordStrategy,142,negative,defect_at_iteration,357
W4,500,1.5,3,HungarianMatcher+BellmanFordStrategy,143,negative,defect_at_iteration,356
W4,500,1.5,3,HungarianMatcher+BellmanFordStrategy,144,negative,defect_at_iteration,355
W4,500,1.5,3,HungarianMatcher+BellmanFordStrategy,145,negative,defect_at_iteration,354
W4,500,1.5,3,HungarianMatcher+BellmanFordStrategy,146,negative,defect_at_iteration,353
W4,500,1.5,3,HungarianMatcher+BellmanFordStrategy,147,negative,defect_at_iteration,352
W4,500,1.5,3,HungarianMatcher+BellmanFordStrategy,148,negative,defect_at_iteration,351
W4,500,1.5,3,HungarianMatcher+BellmanFordStrategy,149,negative,defect_at_iteration,350
W4,500,1.5,3,HungarianMatcher+BellmanFordStrategy,150,negative,defect_at_iteration,349
W4,500,1.5,3,HungarianMatcher+BellmanFordStrategy,151,negative,defect_at_iteration,348
W4,500,1.5,3,HungarianMatcher+BellmanFordStrategy,152,negative,defect_at_iteration,347
W4,500,1.5,3,HungarianMatcher+BellmanFordStrategy,153,negative,defect_at_iteration,346
W4,500,1.5,3,HungarianMatcher+BellmanFordStrategy,154,negative,defect_at_iteration,345
W4,500,1.5,3,HungarianMatcher+BellmanFordStrategy,155,negative,defect_at_iteration,344
W4,500,1.5,3,HungarianMatcher+BellmanFordStrategy,156,negative,defect_at_iteration,343
W4,500,1.5,3,HungarianMatcher+BellmanFordStrategy,157,negative,defect_at_iteration,342
W4,500,1.5,3,HungarianMatcher+BellmanFordStrategy,158,negative,defect_at_iteration,341
W4,500,1.5,3,HungarianMatcher+BellmanFordStrategy,159,negative,defect_at_iteration,340
W4,500,1.5,3,HungarianMatcher+BellmanFordStrategy,160,negative,defect_at_iteration,339
W4,500,1.5,3,HungarianMatcher+BellmanFordStrategy,161,negative,defect_at_iteration,338
W4,500,1.5,3,HungarianMatcher+BellmanFordStrategy,162,negative,defect_at_iteration,337
W4,500,1.5,3,HungarianMatcher+BellmanFordStrategy,163,negative,defect_at_iteration,336
W4,500,1.5,3,HungarianMatcher+BellmanFordStrategy,164,negative,defect_at_iteration,335
W4,500,1.5,3,HungarianMatcher+BellmanFordStrategy,165,negative,defect_at_iteration,334
W4,500,1.5,3,HungarianMatcher+BellmanFordStrategy,166,negative,defect_at_iteration,333
W4,500,1.5,3,HungarianMatcher+BellmanFordStrategy,167,negative,defect_at_iteration,332
W4,500,1.5,3,HungarianMatcher+BellmanFordStrategy,168,negative,defect_at_iteration,331
W4,500,1.5,3,HungarianMatcher+BellmanFordStrategy,169,negative,defect_at_iteration,330
W4,500,1.5,3,HungarianMatcher+BellmanFordStrategy,170,negative,defect_at_iteration,329
W4,500,1.5,3,HungarianMatcher+BellmanFordStrategy,171,negative,defect_at_iteration,328
W4,500,1.5,3,HungarianMatcher+BellmanFordStrategy,172,negative,defect_at_iteration,327
W4,500,1.5,3,HungarianMatcher+BellmanFordStrategy,173,negative,defect_at_iteration,326
W4,500,1.5,3,HungarianMatcher+BellmanFordStrategy,174,negative,defect_at_iteration,325
W4,500,1.5,3,HungarianMatcher+BellmanFordStrategy,175,negative,defect_at_iteration,324
W4,500,1.5,3,HungarianMatcher+BellmanFordStrategy,176,negative,defect_at_iteration,323
W4,500,1.5,3,HungarianMatcher+BellmanFordStrategy,177,negative,defect_at_iteration,322
W4,500,1.5,3,HungarianMatcher+BellmanFordStrategy,178,negative,defect_at_iteration,321
W4,500,1.5,3,HungarianMatcher+BellmanFordStrategy,179,negative,defect_at_iteration,320
W4,500,1.5,3,HungarianMatcher+BellmanFordStrategy,180,negative,defect_at_iteration,319
W4,500,1.5,3,HungarianMatcher+BellmanFordStrategy,181,negative,defect_at_iteration,318
W4,500,1.5,3,HungarianMatcher+BellmanFordStrategy,182,negative,defect_at_iteration,317
W4,500,1.5,3,HungarianMatcher+BellmanFordStrategy,183,negative,defect_at_iteration,316
W4,500,1.5,3,HungarianMatcher+BellmanFordStrategy,184,negative,defect_at_iteration,315
W4,500,1.5,3,HungarianMatcher+BellmanFordStrategy,185,negative,defect_at_iteration,314
W4,500,1.5,3,HungarianMatcher+BellmanFordStrategy,186,negative,defect_at_iteration,313
W4,500,1.5,3,HungarianMatcher+BellmanFordStrategy,187,negative,defect_at_iteration,312
W4,500,1.5,3,HungarianMatcher+BellmanFordStrategy,188,negative,defect_at_iteration,311
W4,500,1.5,3,HungarianMatcher+BellmanFordStrategy,189,negative,defect_at_iteration,310
W4,500,1.5,3,HungarianMatcher+BellmanFordStrategy,190,negative,defect_at_iteration,309
W4,500,1.5,3,HungarianMatcher+BellmanFordStrategy,191,negative,defect_at_iteration,308
W4,500,1.5,3,HungarianMatcher+BellmanFordStrategy,192,negative,defect_at_iteration,307
W4,500,1.5,3,HungarianMatcher+BellmanFordStrategy,193,negative,defect_at_iteration,306
W4,500,1.5,3,HungarianMatcher+BellmanFordStrategy,194,negative,defect_at_iteration,305
W4,500,1.5,3,HungarianMatcher+BellmanFordStrategy,195,negative,defect_at_iteration,304
W4,500,1.5,3,HungarianMatcher+BellmanFordStrategy,196,negative,defect_at_iteration,303
W4,500,1.5,3,HungarianMatcher+BellmanFordStrategy,197,negative,defect_at_iteration,302
W4,500,1.5,3,HungarianMatcher+BellmanFordStrategy,198,negative,defect_at_iteration,301
W4,500,1.5,3,HungarianMatcher+BellmanFordStrategy,199,negative,defect_at_iteration,300
W4,500,1.5,3,HungarianMatcher+BellmanFordStrategy,200,negative,defect_at_iteration,299
W4,500,1.5,3,HungarianMatcher+BellmanFordStrategy,201,negative,defect_at_iteration,298
W4,500,1.5,3,HungarianMatcher+BellmanFordStrategy,202,negative,defect_at_iteration,297
W4,500,1.5,3,HungarianMatcher+BellmanFordStrategy,203,negative,defect_at_iteration,296
W4,500,1.5,3,HungarianMatcher+BellmanFordStrategy,204,negative,defect_at_iteration,295
W4,500,1.5,3,HungarianMatcher+BellmanFordStrategy,205,negative,defect_at_iteration,294
W4,500,1.5,3,HungarianMatcher+BellmanFordStrategy,206,negative,defect_at_iteration,293
W4,500,1.5,3,HungarianMatcher+BellmanFordStrategy,207,negative,defect_at_iteration,292
W4,500,1.5,3,HungarianMatcher+BellmanFordStrategy,208,negative,defect_at_iteration,291
W4,500,1.5,3,HungarianMatcher+BellmanFordStrategy,209,negative,defect_at_iteration,290
W4,500,1.5,3,HungarianMatcher+BellmanFordStrategy,210,negative,defect_at_iteration,289
W4,500,1.5,3,HungarianMatcher+BellmanFordStrategy,211,negative,defect_at_iteration,288
W4,500,1.5,3,HungarianMatcher+BellmanFordStrategy,212,negative,defect_at_iteration,287
W4,500,1.5,3,HungarianMatcher+BellmanFordStrategy,213,negative,defect_at_iteration,286
W4,500,1.5,3,HungarianMatcher+BellmanFordStrategy,214,negative,defect_at_iteration,285
W4,500,1.5,3,HungarianMatcher+BellmanFordStrategy,215,negative,defect_at_iteration,284
W4,500,1.5,3,HungarianMatcher+BellmanFordStrategy,216,negative,defect_at_iteration,283
W4,500,1.5,3,HungarianMatcher+BellmanFordStrategy,217,negative,defect_at_iteration,282
W4,500,1.5,3,HungarianMatcher+BellmanFordStrategy,218,negative,defect_at_iteration,281
W4,500,1.5,3,HungarianMatcher+BellmanFordStrategy,219,negative,defect_at_iteration,280
W4,500,1.5,3,HungarianMatcher+BellmanFordStrategy,220,negative,defect_at_iteration,279
W4,500,1.5,3,HungarianMatcher+BellmanFordStrategy,221,negative,defect_at_iteration,278
W4,500,1.5,3,HungarianMatcher+BellmanFordStrategy,222,negative,defect_at_iteration,277
W4,500,1.5,3,HungarianMatcher+BellmanFordStrategy,223,negative,defect_at_iteration,276
W4,500,1.5,3,HungarianMatcher+BellmanFordStrategy,224,negative,defect_at_iteration,275
W4,500,1.5,3,HungarianMatcher+BellmanFordStrategy,225,negative,defect_at_iteration,274
W4,500,1.5,3,HungarianMatcher+BellmanFordStrategy,226,negative,defect_at_iteration,273
W4,500,1.5,3,HungarianMatcher+BellmanFordStrategy,227,negative,defect_at_iteration,272
W4,500,1.5,3,HungarianMatcher+BellmanFordStrategy,228,negative,defect_at_iteration,271
W4,500,1.5,3,HungarianMatcher+BellmanFordStrategy,229,negative,defect_at_iteration,270
W4,500,1.5,3,HungarianMatcher+BellmanFordStrategy,230,negative,defect_at_iteration,269
W4,500,1.5,3,HungarianMatcher+BellmanFordStrategy,231,negative,defect_at_iteration,268
W4,500,1.5,3,HungarianMatcher+BellmanFordStrategy,232,negative,defect_at_iteration,267
W4,500,1.5,3,HungarianMatcher+BellmanFordStrategy,233,negative,defect_at_iteration,266
W4,500,1.5,3,HungarianMatcher+BellmanFordStrategy,234,negative,defect_at_iteration,265
W4,500,1.5,3,HungarianMatcher+BellmanFordStrategy,235,negative,defect_at_iteration,264
W4,500,1.5,3,HungarianMatcher+BellmanFordStrategy,236,negative,defect_at_iteration,263
W4,500,1.5,3,HungarianMatcher+BellmanFordStrategy,237,negative,defect_at_iteration,262
W4,500,1.5,3,HungarianMatcher+BellmanFordStrategy,238,negative,defect_at_iteration,261
W4,500,1.5,3,HungarianMatcher+BellmanFordStrategy,239,negative,defect_at_iteration,260
W4,500,1.5,3,HungarianMatcher+BellmanFordStrategy,240,negative,defect_at_iteration,259
W4,500,1.5,3,HungarianMatcher+BellmanFordStrategy,241,negative,defect_at_iteration,258
W4,500,1.5,3,HungarianMatcher+BellmanFordStrategy,242,negative,defect_at_iteration,257
W4,500,1.5,3,HungarianMatcher+BellmanFordStrategy,243,negative,defect_at_iteration,256
W4,500,1.5,3,HungarianMatcher+BellmanFordStrategy,244,negative,defect_at_iteration,255
W4,500,1.5,3,HungarianMatcher+BellmanFordStrategy,245,negative,defect_at_iteration,254
W4,500,1.5,3,HungarianMatcher+BellmanFordStrategy,246,negative,defect_at_iteration,253
W4,500,1.5,3,HungarianMatcher+BellmanFordStrategy,247,negative,defect_at_iteration,252
W4,500,1.5,3,HungarianMatcher+BellmanFordStrategy,248,negative,defect_at_iteration,251
W4,500,1.5,3,HungarianMatcher+BellmanFordStrategy,249,negative,defect_at_iteration,250
W4,500,1.5,3,HungarianMatcher+BellmanFordStrategy,250,negative,defect_at_iteration,249
W4,500,1.5,3,HungarianMatcher+BellmanFordStrategy,251,negative,defect_at_iteration,248
W4,500,1.5,3,HungarianMatcher+BellmanFordStrategy,252,negative,defect_at_iteration,247
W4,500,1.5,3,HungarianMatcher+BellmanFordStrategy,253,negative,defect_at_iteration,246
W4,500,1.5,3,HungarianMatcher+BellmanFordStrategy,254,negative,defect_at_iteration,245
W4,500,1.5,3,HungarianMatcher+BellmanFordStrategy,255,negative,defect_at_iteration,244
W4,500,1.5,3,HungarianMatcher+BellmanFordStrategy,256,negative,defect_at_iteration,243
W4,500,1.5,3,HungarianMatcher+BellmanFordStrategy,257,negative,defect_at_iteration,242
W4,500,1.5,3,HungarianMatcher+BellmanFordStrategy,258,negative,defect_at_iteration,241
W4,500,1.5,3,HungarianMatcher+BellmanFordStrategy,259,negative,defect_at_iteration,240
W4,500,1.5,3,HungarianMatcher+BellmanFordStrategy,260,negative,defect_at_iteration,239
W4,500,1.5,3,HungarianMatcher+BellmanFordStrategy,261,negative,defect_at_iteration,238
W4,500,1.5,3,HungarianMatcher+BellmanFordStrategy,262,negative,defect_at_iteration,237
W4,500,1.5,3,HungarianMatcher+BellmanFordStrategy,263,negative,defect_at_iteration,236
W4,500,1.5,3,HungarianMatcher+BellmanFordStrategy,264,negative,defect_at_iteration,235
W4,500,1.5,3,HungarianMatcher+BellmanFordStrategy,265,negative,defect_at_iteration,234
W4,500,1.5,3,HungarianMatcher+BellmanFordStrategy,266,negative,defect_at_iteration,233
W4,500,1.5,3,HungarianMatcher+BellmanFordStrategy,267,negative,defect_at_iteration,232
W4,500,1.5,3,HungarianMatcher+BellmanFordStrategy,268,negative,defect_at_iteration,231
W4,500,1.5,3,HungarianMatcher+BellmanFordStrategy,269,negative,defect_at_iteration,230
W4,500,1.5,3,HungarianMatcher+BellmanFordStrategy,270,negative,defect_at_iteration,229
W4,500,1.5,3,HungarianMatcher+BellmanFordStrategy,271,negative,defect_at_iteration,228
W4,500,1.5,3,HungarianMatcher+BellmanFordStrategy,272,negative,defect_at_iteration,227
W4,500,1.5,3,HungarianMatcher+BellmanFordStrategy,273,negative,defect_at_iteration,226
W4,500,1.5,3,HungarianMatcher+BellmanFordStrategy,274,negative,defect_at_iteration,225
W4,500,1.5,3,HungarianMatcher+BellmanFordStrategy,275,negative,defect_at_iteration,224
W4,500,1.5,3,HungarianMatcher+BellmanFordStrategy,276,negative,defect_at_iteration,223
W4,500,1.5,3,HungarianMatcher+BellmanFordStrategy,277,negative,defect_at_iteration,222
W4,500,1.5,3,HungarianMatcher+BellmanFordStrategy,278,negative,defect_at_iteration,221
W4,500,1.5,3,HungarianMatcher+BellmanFordStrategy,279,negative,defect_at_iteration,220
W4,500,1.5,3,HungarianMatcher+BellmanFordStrategy,280,negative,defect_at_iteration,219
W4,500,1.5,3,HungarianMatcher+BellmanFordStrategy,281,negative,defect_at_iteration,218
W4,500,1.5,3,HungarianMatcher+BellmanFordStrategy,282,negative,defect_at_iteration,217
W4,500,1.5,3,HungarianMatcher+BellmanFordStrategy,283,negative,defect_at_iteration,216
W4,500,1.5,3,HungarianMatcher+BellmanFordStrategy,284,negative,defect_at_iteration,215
W4,500,1.5,3,HungarianMatcher+BellmanFordStrategy,285,negative,defect_at_iteration,214
W4,500,1.5,3,HungarianMatcher+BellmanFordStrategy,286,negative,defect_at_iteration,213
W4,500,1.5,3,HungarianMatcher+BellmanFordStrategy,287,negative,defect_at_iteration,212
W4,500,1.5,3,HungarianMatcher+BellmanFordStrategy,288,negative,defect_at_iteration,211
W4,500,1.5,3,HungarianMatcher+BellmanFordStrategy,289,negative,defect_at_iteration,210
W4,500,1.5,3,HungarianMatcher+BellmanFordStrategy,290,negative,defect_at_iteration,209
W4,500,1.5,3,HungarianMatcher+BellmanFordStrategy,291,negative,defect_at_iteration,208
W4,500,1.5,3,HungarianMatcher+BellmanFordStrategy,292,negative,defect_at_iteration,207
W4,500,1.5,3,HungarianMatcher+BellmanFordStrategy,293,negative,defect_at_iteration,206
W4,500,1.5,3,HungarianMatcher+BellmanFordStrategy,294,negative,defect_at_iteration,205
W4,500,1.5,3,HungarianMatcher+BellmanFordStrategy,295,negative,defect_at_iteration,204
W4,500,1.5,3,HungarianMatcher+BellmanFordStrategy,296,negative,defect_at_iteration,203
W4,500,1.5,3,HungarianMatcher+BellmanFordStrategy,297,negative,defect_at_iteration,202
W4,500,1.5,3,HungarianMatcher+BellmanFordStrategy,298,negative,defect_at_iteration,201
W4,500,1.5,3,HungarianMatcher+BellmanFordStrategy,299,negative,defect_at_iteration,200
W4,500,1.5,3,HungarianMatcher+BellmanFordStrategy,300,negative,defect_at_iteration,199
W4,500,1.5,3,HungarianMatcher+BellmanFordStrategy,301,negative,defect_at_iteration,198
W4,500,1.5,3,HungarianMatcher+BellmanFordStrategy,302,negative,defect_at_iteration,197
W4,500,1.5,3,HungarianMatcher+BellmanFordStrategy,303,negative,defect_at_iteration,196
W4,500,1.5,3,HungarianMatcher+BellmanFordStrategy,304,negative,defect_at_iteration,195
W4,500,1.5,3,HungarianMatcher+BellmanFordStrategy,305,negative,defect_at_iteration,194
W4,500,1.5,3,HungarianMatcher+BellmanFordStrategy,306,negative,defect_at_iteration,193
W4,500,1.5,3,HungarianMatcher+BellmanFordStrategy,307,negative,defect_at_iteration,192
W4,500,1.5,3,HungarianMatcher+BellmanFordStrategy,308,negative,defect_at_iteration,191
W4,500,1.5,3,HungarianMatcher+BellmanFordStrategy,309,negative,defect_at_iteration,190
W4,500,1.5,3,HungarianMatcher+BellmanFordStrategy,310,negative,defect_at_iteration,189
W4,500,1.5,3,HungarianMatcher+BellmanFordStrategy,311,negative,defect_at_iteration,188
W4,500,1.5,3,HungarianMatcher+BellmanFordStrategy,312,negative,defect_at_iteration,187
W4,500,1.5,3,HungarianMatcher+BellmanFordStrategy,313,negative,defect_at_iteration,186
W4,500,1.5,3,HungarianMatcher+BellmanFordStrategy,314,negative,defect_at_iteration,185
W4,500,1.5,3,HungarianMatcher+BellmanFordStrategy,315,negative,defect_at_iteration,184
W4,500,1.5,3,HungarianMatcher+BellmanFordStrategy,316,negative,defect_at_iteration,183
W4,500,1.5,3,HungarianMatcher+BellmanFordStrategy,317,negative,defect_at_iteration,182
W4,500,1.5,3,HungarianMatcher+BellmanFordStrategy,318,negative,defect_at_iteration,181
W4,500,1.5,3,HungarianMatcher+BellmanFordStrategy,319,negative,defect_at_iteration,180
W4,500,1.5,3,HungarianMatcher+BellmanFordStrategy,320,negative,defect_at_iteration,179
W4,500,1.5,3,HungarianMatcher+BellmanFordStrategy,321,negative,defect_at_iteration,178
W4,500,1.5,3,HungarianMatcher+BellmanFordStrategy,322,negative,defect_at_iteration,177
W4,500,1.5,3,HungarianMatcher+BellmanFordStrategy,323,negative,defect_at_iteration,176
W4,500,1.5,3,HungarianMatcher+BellmanFordStrategy,324,negative,defect_at_iteration,175
W4,500,1.5,3,HungarianMatcher+BellmanFordStrategy,325,negative,defect_at_iteration,174
W4,500,1.5,3,HungarianMatcher+BellmanFordStrategy,326,negative,defect_at_iteration,173
W4,500,1.5,3,HungarianMatcher+BellmanFordStrategy,327,negative,defect_at_iteration,172
W4,500,1.5,3,HungarianMatcher+BellmanFordStrategy,328,negative,defect_at_iteration,171
W4,500,1.5,3,HungarianMatcher+BellmanFordStrategy,329,negative,defect_at_iteration,170
W4,500,1.5,3,HungarianMatcher+BellmanFordStrategy,330,negative,defect_at_iteration,169
W4,500,1.5,3,HungarianMatcher+BellmanFordStrategy,331,negative,defect_at_iteration,168
W4,500,1.5,3,HungarianMatcher+BellmanFordStrategy,332,negative,defect_at_iteration,167
W4,500,1.5,3,HungarianMatcher+BellmanFordStrategy,333,negative,defect_at_iteration,166
W4,500,1.5,3,HungarianMatcher+BellmanFordStrategy,334,negative,defect_at_iteration,165
W4,500,1.5,3,HungarianMatcher+BellmanFordStrategy,335,negative,defect_at_iteration,164
W4,500,1.5,3,HungarianMatcher+BellmanFordStrategy,336,negative,defect_at_iteration,163
W4,500,1.5,3,HungarianMatcher+BellmanFordStrategy,337,negative,defect_at_iteration,162
W4,500,1.5,3,HungarianMatcher+BellmanFordStrategy,338,negative,defect_at_iteration,161
W4,500,1.5,3,HungarianMatcher+BellmanFordStrategy,339,negative,defect_at_iteration,160
W4,500,1.5,3,HungarianMatcher+BellmanFordStrategy,340,negative,defect_at_iteration,159
W4,500,1.5,3,HungarianMatcher+BellmanFordStrategy,341,negative,defect_at_iteration,158
W4,500,1.5,3,HungarianMatcher+BellmanFordStrategy,342,negative,defect_at_iteration,157
W4,500,1.5,3,HungarianMatcher+BellmanFordStrategy,343,negative,defect_at_iteration,156
W4,500,1.5,3,HungarianMatcher+BellmanFordStrategy,344,negative,defect_at_iteration,155
W4,500,1.5,3,HungarianMatcher+BellmanFordStrategy,345,negative,defect_at_iteration,154
W4,500,1.5,3,HungarianMatcher+BellmanFordStrategy,346,negative,defect_at_iteration,153
W4,500,1.5,3,HungarianMatcher+BellmanFordStrategy,347,negative,defect_at_iteration,152
W4,500,1.5,3,HungarianMatcher+BellmanFordStrategy,348,negative,defect_at_iteration,151
W4,500,1.5,3,HungarianMatcher+BellmanFordStrategy,349,negative,defect_at_iteration,150
W4,500,1.5,3,HungarianMatcher+BellmanFordStrategy,350,negative,defect_at_iteration,149
W4,500,1.5,3,HungarianMatcher+BellmanFordStrategy,351,negative,defect_at_iteration,148
W4,500,1.5,3,HungarianMatcher+BellmanFordStrategy,352,negative,defect_at_iteration,147
W4,500,1.5,3,HungarianMatcher+BellmanFordStrategy,353,negative,defect_at_iteration,146
W4,500,1.5,3,HungarianMatcher+BellmanFordStrategy,354,negative,defect_at_iteration,145
W4,500,1.5,3,HungarianMatcher+BellmanFordStrategy,355,negative,defect_at_iteration,144
W4,500,1.5,3,HungarianMatcher+BellmanFordStrategy,356,negative,defect_at_iteration,143
W4,500,1.5,3,HungarianMatcher+BellmanFordStrategy,357,negative,defect_at_iteration,142
W4,500,1.5,3,HungarianMatcher+BellmanFordStrategy,358,negative,defect_at_iteration,141
W4,500,1.5,3,HungarianMatcher+BellmanFordStrategy,359,negative,defect_at_iteration,140
W4,500,1.5,3,HungarianMatcher+BellmanFordStrategy,360,negative,defect_at_iteration,139
W4,500,1.5,3,HungarianMatcher+BellmanFordStrategy,361,negative,defect_at_iteration,138
W4,500,1.5,3,HungarianMatcher+BellmanFordStrategy,362,negative,defect_at_iteration,137
W4,500,1.5,3,HungarianMatcher+BellmanFordStrategy,363,negative,defect_at_iteration,136
W4,500,1.5,3,HungarianMatcher+BellmanFordStrategy,364,negative,defect_at_iteration,135
W4,500,1.5,3,HungarianMatcher+BellmanFordStrategy,365,negative,defect_at_iteration,134
W4,500,1.5,3,HungarianMatcher+BellmanFordStrategy,366,negative,defect_at_iteration,133
W4,500,1.5,3,HungarianMatcher+BellmanFordStrategy,367,negative,defect_at_iteration,132
W4,500,1.5,3,HungarianMatcher+BellmanFordStrategy,368,negative,defect_at_iteration,131
W4,500,1.5,3,HungarianMatcher+BellmanFordStrategy,369,negative,defect_at_iteration,130
W4,500,1.5,3,HungarianMatcher+BellmanFordStrategy,370,negative,defect_at_iteration,129
W4,500,1.5,3,HungarianMatcher+BellmanFordStrategy,371,negative,defect_at_iteration,128
W4,500,1.5,3,HungarianMatcher+BellmanFordStrategy,372,negative,defect_at_iteration,127
W4,500,1.5,3,HungarianMatcher+BellmanFordStrategy,373,negative,defect_at_iteration,126
W4,500,1.5,3,HungarianMatcher+BellmanFordStrategy,374,negative,defect_at_iteration,125
W4,500,1.5,3,HungarianMatcher+BellmanFordStrategy,375,negative,defect_at_iteration,124
W4,500,1.5,3,HungarianMatcher+BellmanFordStrategy,376,negative,defect_at_iteration,123
W4,500,1.5,3,HungarianMatcher+BellmanFordStrategy,377,negative,defect_at_iteration,122
W4,500,1.5,3,HungarianMatcher+BellmanFordStrategy,378,negative,defect_at_iteration,121
W4,500,1.5,3,HungarianMatcher+BellmanFordStrategy,379,negative,defect_at_iteration,120
W4,500,1.5,3,HungarianMatcher+BellmanFordStrategy,380,negative,defect_at_iteration,119
W4,500,1.5,3,HungarianMatcher+BellmanFordStrategy,381,negative,defect_at_iteration,118
W4,500,1.5,3,HungarianMatcher+BellmanFordStrategy,382,negative,defect_at_iteration,117
W4,500,1.5,3,HungarianMatcher+BellmanFordStrategy,383,negative,defect_at_iteration,116
W4,500,1.5,3,HungarianMatcher+BellmanFordStrategy,384,negative,defect_at_iteration,115
W4,500,1.5,3,HungarianMatcher+BellmanFordStrategy,385,negative,defect_at_iteration,114
W4,500,1.5,3,HungarianMatcher+BellmanFordStrategy,386,negative,defect_at_iteration,113
W4,500,1.5,3,HungarianMatcher+BellmanFordStrategy,387,negative,defect_at_iteration,112
W4,500,1.5,3,HungarianMatcher+BellmanFordStrategy,388,negative,defect_at_iteration,111
W4,500,1.5,3,HungarianMatcher+BellmanFordStrategy,389,negative,defect_at_iteration,110
W4,500,1.5,3,HungarianMatcher+BellmanFordStrategy,390,negative,defect_at_iteration,109
W4,500,1.5,3,HungarianMatcher+BellmanFordStrategy,391,negative,defect_at_iteration,108
W4,500,1.5,3,HungarianMatcher+BellmanFordStrategy,392,negative,defect_at_iteration,107
W4,500,1.5,3,HungarianMatcher+BellmanFordStrategy,393,negative,defect_at_iteration,106
W4,500,1.5,3,HungarianMatcher+BellmanFordStrategy,394,negative,defect_at_iteration,105
W4,500,1.5,3,HungarianMatcher+BellmanFordStrategy,395,negative,defect_at_iteration,104
W4,500,1.5,3,HungarianMatcher+BellmanFordStrategy,396,negative,defect_at_iteration,103
W4,500,1.5,3,HungarianMatcher+BellmanFordStrategy,397,negative,defect_at_iteration,102
W4,500,1.5,3,HungarianMatcher+BellmanFordStrategy,398,negative,defect_at_iteration,101
W4,500,1.5,3,HungarianMatcher+BellmanFordStrategy,399,negative,defect_at_iteration,100
W4,500,1.5,3,HungarianMatcher+BellmanFordStrategy,400,negative,defect_at_iteration,99
W4,500,1.5,3,HungarianMatcher+BellmanFordStrategy,401,negative,defect_at_iteration,98
W4,500,1.5,3,HungarianMatcher+BellmanFordStrategy,402,negative,defect_at_iteration,97
W4,500,1.5,3,HungarianMatcher+BellmanFordStrategy,403,negative,defect_at_iteration,96
W4,500,1.5,3,HungarianMatcher+BellmanFordStrategy,404,negative,defect_at_iteration,95
W4,500,1.5,3,HungarianMatcher+BellmanFordStrategy,405,negative,defect_at_iteration,94
W4,500,1.5,3,HungarianMatcher+BellmanFordStrategy,406,negative,defect_at_iteration,93
W4,500,1.5,3,HungarianMatcher+BellmanFordStrategy,407,negative,defect_at_iteration,92
W4,500,1.5,3,HungarianMatcher+BellmanFordStrategy,408,negative,defect_at_iteration,91
W4,500,1.5,3,HungarianMatcher+BellmanFordStrategy,409,negative,defect_at_iteration,90
W4,500,1.5,3,HungarianMatcher+BellmanFordStrategy,410,negative,defect_at_iteration,89
W4,500,1.5,3,HungarianMatcher+BellmanFordStrategy,411,negative,defect_at_iteration,88
W4,500,1.5,3,HungarianMatcher+BellmanFordStrategy,412,negative,defect_at_iteration,87
W4,500,1.5,3,HungarianMatcher+BellmanFordStrategy,413,negative,defect_at_iteration,86
W4,500,1.5,3,HungarianMatcher+BellmanFordStrategy,414,negative,defect_at_iteration,85
W4,500,1.5,3,HungarianMatcher+BellmanFordStrategy,415,negative,defect_at_iteration,84
W4,500,1.5,3,HungarianMatcher+BellmanFordStrategy,416,negative,defect_at_iteration,83
W4,500,1.5,3,HungarianMatcher+BellmanFordStrategy,417,negative,defect_at_iteration,82
W4,500,1.5,3,HungarianMatcher+BellmanFordStrategy,418,negative,defect_at_iteration,81
W4,500,1.5,3,HungarianMatcher+BellmanFordStrategy,419,negative,defect_at_iteration,80
W4,500,1.5,3,HungarianMatcher+BellmanFordStrategy,420,negative,defect_at_iteration,79
W4,500,1.5,3,HungarianMatcher+BellmanFordStrategy,421,negative,defect_at_iteration,78
W4,500,1.5,3,HungarianMatcher+BellmanFordStrategy,422,negative,defect_at_iteration,77
W4,500,1.5,3,HungarianMatcher+BellmanFordStrategy,423,negative,defect_at_iteration,76
W4,500,1.5,3,HungarianMatcher+BellmanFordStrategy,424,negative,defect_at_iteration,75
W4,500,1.5,3,HungarianMatcher+BellmanFordStrategy,425,negative,defect_at_iteration,74
W4,500,1.5,3,HungarianMatcher+BellmanFordStrategy,426,negative,defect_at_iteration,73
W4,500,1.5,3,HungarianMatcher+BellmanFordStrategy,427,negative,defect_at_iteration,72
W4,500,1.5,3,HungarianMatcher+BellmanFordStrategy,428,negative,defect_at_iteration,71
W4,500,1.5,3,HungarianMatcher+BellmanFordStrategy,429,negative,defect_at_iteration,70
W4,500,1.5,3,HungarianMatcher+BellmanFordStrategy,430,negative,defect_at_iteration,69
W4,500,1.5,3,HungarianMatcher+BellmanFordStrategy,431,negative,defect_at_iteration,68
W4,500,1.5,3,HungarianMatcher+BellmanFordStrategy,432,negative,defect_at_iteration,67
W4,500,1.5,3,HungarianMatcher+BellmanFordStrategy,433,negative,defect_at_iteration,66
W4,500,1.5,3,HungarianMatcher+BellmanFordStrategy,434,negative,defect_at_iteration,65
W4,500,1.5,3,HungarianMatcher+BellmanFordStrategy,435,negative,defect_at_iteration,64
W4,500,1.5,3,HungarianMatcher+BellmanFordStrategy,436,negative,defect_at_iteration,63
W4,500,1.5,3,HungarianMatcher+BellmanFordStrategy,437,negative,defect_at_iteration,62
W4,500,1.5,3,HungarianMatcher+BellmanFordStrategy,438,negative,defect_at_iteration,61
W4,500,1.5,3,HungarianMatcher+BellmanFordStrategy,439,negative,defect_at_iteration,60
W4,500,1.5,3,HungarianMatcher+BellmanFordStrategy,440,negative,defect_at_iteration,59
W4,500,1.5,3,HungarianMatcher+BellmanFordStrategy,441,negative,defect_at_iteration,58
W4,500,1.5,3,HungarianMatcher+BellmanFordStrategy,442,negative,defect_at_iteration,57
W4,500,1.5,3,HungarianMatcher+BellmanFordStrategy,443,negative,defect_at_iteration,56
W4,500,1.5,3,HungarianMatcher+BellmanFordStrategy,444,negative,defect_at_iteration,55
W4,500,1.5,3,HungarianMatcher+BellmanFordStrategy,445,negative,defect_at_iteration,54
W4,500,1.5,3,HungarianMatcher+BellmanFordStrategy,446,negative,defect_at_iteration,53
W4,500,1.5,3,HungarianMatcher+BellmanFordStrategy,447,negative,defect_at_iteration,52
W4,500,1.5,3,HungarianMatcher+BellmanFordStrategy,448,negative,defect_at_iteration,51
W4,500,1.5,3,HungarianMatcher+BellmanFordStrategy,449,negative,defect_at_iteration,50
W4,500,1.5,3,HungarianMatcher+BellmanFordStrategy,450,negative,defect_at_iteration,49
W4,500,1.5,3,HungarianMatcher+BellmanFordStrategy,451,negative,defect_at_iteration,48
W4,500,1.5,3,HungarianMatcher+BellmanFordStrategy,452,negative,defect_at_iteration,47
W4,500,1.5,3,HungarianMatcher+BellmanFordStrategy,453,negative,defect_at_iteration,46
W4,500,1.5,3,HungarianMatcher+BellmanFordStrategy,454,negative,defect_at_iteration,45
W4,500,1.5,3,HungarianMatcher+BellmanFordStrategy,455,negative,defect_at_iteration,44
W4,500,1.5,3,HungarianMatcher+BellmanFordStrategy,456,negative,defect_at_iteration,43
W4,500,1.5,3,HungarianMatcher+BellmanFordStrategy,457,negative,defect_at_iteration,42
W4,500,1.5,3,HungarianMatcher+BellmanFordStrategy,458,negative,defect_at_iteration,41
W4,500,1.5,3,HungarianMatcher+BellmanFordStrategy,459,negative,defect_at_iteration,40
W4,500,1.5,3,HungarianMatcher+BellmanFordStrategy,460,negative,defect_at_iteration,39
W4,500,1.5,3,HungarianMatcher+BellmanFordStrategy,461,negative,defect_at_iteration,38
W4,500,1.5,3,HungarianMatcher+BellmanFordStrategy,462,negative,defect_at_iteration,37
W4,500,1.5,3,HungarianMatcher+BellmanFordStrategy,463,negative,defect_at_iteration,36
W4,500,1.5,3,HungarianMatcher+BellmanFordStrategy,464,negative,defect_at_iteration,35
W4,500,1.5,3,HungarianMatcher+BellmanFordStrategy,465,negative,defect_at_iteration,34
W4,500,1.5,3,HungarianMatcher+BellmanFordStrategy,466,negative,defect_at_iteration,33
W4,500,1.5,3,HungarianMatcher+BellmanFordStrategy,467,negative,defect_at_iteration,32
W4,500,1.5,3,HungarianMatcher+BellmanFordStrategy,468,negative,defect_at_iteration,31
W4,500,1.5,3,HungarianMatcher+BellmanFordStrategy,469,negative,defect_at_iteration,30
W4,500,1.5,3,HungarianMatcher+BellmanFordStrategy,470,negative,defect_at_iteration,29
W4,500,1.5,3,HungarianMatcher+BellmanFordStrategy,471,negative,defect_at_iteration,28
W4,500,1.5,3,HungarianMatcher+BellmanFordStrategy,472,negative,defect_at_iteration,27
W4,500,1.5,3,HungarianMatcher+BellmanFordStrategy,473,negative,defect_at_iteration,26
W4,500,1.5,3,HungarianMatcher+BellmanFordStrategy,474,negative,defect_at_iteration,25
W4,500,1.5,3,HungarianMatcher+BellmanFordStrategy,475,negative,defect_at_iteration,24
W4,500,1.5,3,HungarianMatcher+BellmanFordStrategy,476,negative,defect_at_iteration,23
W4,500,1.5,3,HungarianMatcher+BellmanFordStrategy,477,negative,defect_at_iteration,22
W4,500,1.5,3,HungarianMatcher+BellmanFordStrategy,478,negative,defect_at_iteration,21
W4,500,1.5,3,HungarianMatcher+BellmanFordStrategy,479,negative,defect_at_iteration,20
W4,500,1.5,3,HungarianMatcher+BellmanFordStrategy,480,negative,defect_at_iteration,19
W4,500,1.5,3,HungarianMatcher+BellmanFordStrategy,481,negative,defect_at_iteration,18
W4,500,1.5,3,HungarianMatcher+BellmanFordStrategy,482,negative,defect_at_iteration,17
W4,500,1.5,3,HungarianMatcher+BellmanFordStrategy,483,negative,defect_at_iteration,16
W4,500,1.5,3,HungarianMatcher+BellmanFordStrategy,484,negative,defect_at_iteration,15
W4,500,1.5,3,HungarianMatcher+BellmanFordStrategy,485,negative,defect_at_iteration,14
W4,500,1.5,3,HungarianMatcher+BellmanFordStrategy,486,negative,defect_at_iteration,13
W4,500,1.5,3,HungarianMatcher+BellmanFordStrategy,487,negative,defect_at_iteration,12
W4,500,1.5,3,HungarianMatcher+BellmanFordStrategy,488,negative,defect_at_iteration,11
W4,500,1.5,3,HungarianMatcher+BellmanFordStrategy,489,negative,defect_at_iteration,10
W4,500,1.5,3,HungarianMatcher+BellmanFordStrategy,490,negative,defect_at_iteration,9
W4,500,1.5,3,HungarianMatcher+BellmanFordStrategy,491,negative,defect_at_iteration,8
W4,500,1.5,3,HungarianMatcher+BellmanFordStrategy,492,negative,defect_at_iteration,7
W4,500,1.5,3,HungarianMatcher+BellmanFordStrategy,493,negative,defect_at_iteration,6
W4,500,1.5,3,HungarianMatcher+BellmanFordStrategy,494,negative,defect_at_iteration,5
W4,500,1.5,3,HungarianMatcher+BellmanFordStrategy,495,negative,defect_at_iteration,4
W4,500,1.5,3,HungarianMatcher+BellmanFordStrategy,496,negative,defect_at_iteration,3
W4,500,1.5,3,HungarianMatcher+BellmanFordStrategy,497,negative,defect_at_iteration,2
W4,500,1.5,3,HungarianMatcher+BellmanFordStrategy,498,negative,defect_at_iteration,1
W4,500,1.5,3,HungarianMatcher+BellmanFordStrategy,499,negative,defect_at_iteration,0
W4,500,1.5,3,HungarianMatcher+BellmanFordStrategy,-1,negative,augmentation_count,500
W4,500,1.5,3,HungarianMatcher+BellmanFordStrategy,-1,negative,matching_value,-1.19002e+08
W4,500,1.5,3,HungarianMatcher+BellmanFordStrategy,-1,negative,matching_size,500
W4,500,1.5,3,HungarianMatcher+BellmanFordStrategy,-1,negative,wall_clock_ms,952.536
W4,500,1.5,3,HungarianMatcher+JohnsonDijkstraStrategy,0,negative,edge_relaxations,11180
W4,500,1.5,3,HungarianMatcher+JohnsonDijkstraStrategy,0,negative,defect_at_iteration,499
W4,500,1.5,3,HungarianMatcher+JohnsonDijkstraStrategy,1,negative,edge_relaxations,11180
W4,500,1.5,3,HungarianMatcher+JohnsonDijkstraStrategy,1,negative,defect_at_iteration,498
W4,500,1.5,3,HungarianMatcher+JohnsonDijkstraStrategy,2,negative,edge_relaxations,11180
W4,500,1.5,3,HungarianMatcher+JohnsonDijkstraStrategy,2,negative,defect_at_iteration,497
W4,500,1.5,3,HungarianMatcher+JohnsonDijkstraStrategy,3,negative,edge_relaxations,11180
W4,500,1.5,3,HungarianMatcher+JohnsonDijkstraStrategy,3,negative,defect_at_iteration,496
W4,500,1.5,3,HungarianMatcher+JohnsonDijkstraStrategy,4,negative,edge_relaxations,11180
W4,500,1.5,3,HungarianMatcher+JohnsonDijkstraStrategy,4,negative,defect_at_iteration,495
W4,500,1.5,3,HungarianMatcher+JohnsonDijkstraStrategy,5,negative,edge_relaxations,11180
W4,500,1.5,3,HungarianMatcher+JohnsonDijkstraStrategy,5,negative,defect_at_iteration,494
W4,500,1.5,3,HungarianMatcher+JohnsonDijkstraStrategy,6,negative,edge_relaxations,11180
W4,500,1.5,3,HungarianMatcher+JohnsonDijkstraStrategy,6,negative,defect_at_iteration,493
W4,500,1.5,3,HungarianMatcher+JohnsonDijkstraStrategy,7,negative,edge_relaxations,11180
W4,500,1.5,3,HungarianMatcher+JohnsonDijkstraStrategy,7,negative,defect_at_iteration,492
W4,500,1.5,3,HungarianMatcher+JohnsonDijkstraStrategy,8,negative,edge_relaxations,11180
W4,500,1.5,3,HungarianMatcher+JohnsonDijkstraStrategy,8,negative,defect_at_iteration,491
W4,500,1.5,3,HungarianMatcher+JohnsonDijkstraStrategy,9,negative,edge_relaxations,11180
W4,500,1.5,3,HungarianMatcher+JohnsonDijkstraStrategy,9,negative,defect_at_iteration,490
W4,500,1.5,3,HungarianMatcher+JohnsonDijkstraStrategy,10,negative,edge_relaxations,11180
W4,500,1.5,3,HungarianMatcher+JohnsonDijkstraStrategy,10,negative,defect_at_iteration,489
W4,500,1.5,3,HungarianMatcher+JohnsonDijkstraStrategy,11,negative,edge_relaxations,11180
W4,500,1.5,3,HungarianMatcher+JohnsonDijkstraStrategy,11,negative,defect_at_iteration,488
W4,500,1.5,3,HungarianMatcher+JohnsonDijkstraStrategy,12,negative,edge_relaxations,11180
W4,500,1.5,3,HungarianMatcher+JohnsonDijkstraStrategy,12,negative,defect_at_iteration,487
W4,500,1.5,3,HungarianMatcher+JohnsonDijkstraStrategy,13,negative,edge_relaxations,11180
W4,500,1.5,3,HungarianMatcher+JohnsonDijkstraStrategy,13,negative,defect_at_iteration,486
W4,500,1.5,3,HungarianMatcher+JohnsonDijkstraStrategy,14,negative,edge_relaxations,11180
W4,500,1.5,3,HungarianMatcher+JohnsonDijkstraStrategy,14,negative,defect_at_iteration,485
W4,500,1.5,3,HungarianMatcher+JohnsonDijkstraStrategy,15,negative,edge_relaxations,11180
W4,500,1.5,3,HungarianMatcher+JohnsonDijkstraStrategy,15,negative,defect_at_iteration,484
W4,500,1.5,3,HungarianMatcher+JohnsonDijkstraStrategy,16,negative,edge_relaxations,11180
W4,500,1.5,3,HungarianMatcher+JohnsonDijkstraStrategy,16,negative,defect_at_iteration,483
W4,500,1.5,3,HungarianMatcher+JohnsonDijkstraStrategy,17,negative,edge_relaxations,11180
W4,500,1.5,3,HungarianMatcher+JohnsonDijkstraStrategy,17,negative,defect_at_iteration,482
W4,500,1.5,3,HungarianMatcher+JohnsonDijkstraStrategy,18,negative,edge_relaxations,11180
W4,500,1.5,3,HungarianMatcher+JohnsonDijkstraStrategy,18,negative,defect_at_iteration,481
W4,500,1.5,3,HungarianMatcher+JohnsonDijkstraStrategy,19,negative,edge_relaxations,11180
W4,500,1.5,3,HungarianMatcher+JohnsonDijkstraStrategy,19,negative,defect_at_iteration,480
W4,500,1.5,3,HungarianMatcher+JohnsonDijkstraStrategy,20,negative,edge_relaxations,11180
W4,500,1.5,3,HungarianMatcher+JohnsonDijkstraStrategy,20,negative,defect_at_iteration,479
W4,500,1.5,3,HungarianMatcher+JohnsonDijkstraStrategy,21,negative,edge_relaxations,11180
W4,500,1.5,3,HungarianMatcher+JohnsonDijkstraStrategy,21,negative,defect_at_iteration,478
W4,500,1.5,3,HungarianMatcher+JohnsonDijkstraStrategy,22,negative,edge_relaxations,11180
W4,500,1.5,3,HungarianMatcher+JohnsonDijkstraStrategy,22,negative,defect_at_iteration,477
W4,500,1.5,3,HungarianMatcher+JohnsonDijkstraStrategy,23,negative,edge_relaxations,11180
W4,500,1.5,3,HungarianMatcher+JohnsonDijkstraStrategy,23,negative,defect_at_iteration,476
W4,500,1.5,3,HungarianMatcher+JohnsonDijkstraStrategy,24,negative,edge_relaxations,11180
W4,500,1.5,3,HungarianMatcher+JohnsonDijkstraStrategy,24,negative,defect_at_iteration,475
W4,500,1.5,3,HungarianMatcher+JohnsonDijkstraStrategy,25,negative,edge_relaxations,11180
W4,500,1.5,3,HungarianMatcher+JohnsonDijkstraStrategy,25,negative,defect_at_iteration,474
W4,500,1.5,3,HungarianMatcher+JohnsonDijkstraStrategy,26,negative,edge_relaxations,11180
W4,500,1.5,3,HungarianMatcher+JohnsonDijkstraStrategy,26,negative,defect_at_iteration,473
W4,500,1.5,3,HungarianMatcher+JohnsonDijkstraStrategy,27,negative,edge_relaxations,11180
W4,500,1.5,3,HungarianMatcher+JohnsonDijkstraStrategy,27,negative,defect_at_iteration,472
W4,500,1.5,3,HungarianMatcher+JohnsonDijkstraStrategy,28,negative,edge_relaxations,11180
W4,500,1.5,3,HungarianMatcher+JohnsonDijkstraStrategy,28,negative,defect_at_iteration,471
W4,500,1.5,3,HungarianMatcher+JohnsonDijkstraStrategy,29,negative,edge_relaxations,11180
W4,500,1.5,3,HungarianMatcher+JohnsonDijkstraStrategy,29,negative,defect_at_iteration,470
W4,500,1.5,3,HungarianMatcher+JohnsonDijkstraStrategy,30,negative,edge_relaxations,11180
W4,500,1.5,3,HungarianMatcher+JohnsonDijkstraStrategy,30,negative,defect_at_iteration,469
W4,500,1.5,3,HungarianMatcher+JohnsonDijkstraStrategy,31,negative,edge_relaxations,11180
W4,500,1.5,3,HungarianMatcher+JohnsonDijkstraStrategy,31,negative,defect_at_iteration,468
W4,500,1.5,3,HungarianMatcher+JohnsonDijkstraStrategy,32,negative,edge_relaxations,11180
W4,500,1.5,3,HungarianMatcher+JohnsonDijkstraStrategy,32,negative,defect_at_iteration,467
W4,500,1.5,3,HungarianMatcher+JohnsonDijkstraStrategy,33,negative,edge_relaxations,11180
W4,500,1.5,3,HungarianMatcher+JohnsonDijkstraStrategy,33,negative,defect_at_iteration,466
W4,500,1.5,3,HungarianMatcher+JohnsonDijkstraStrategy,34,negative,edge_relaxations,11180
W4,500,1.5,3,HungarianMatcher+JohnsonDijkstraStrategy,34,negative,defect_at_iteration,465
W4,500,1.5,3,HungarianMatcher+JohnsonDijkstraStrategy,35,negative,edge_relaxations,11180
W4,500,1.5,3,HungarianMatcher+JohnsonDijkstraStrategy,35,negative,defect_at_iteration,464
W4,500,1.5,3,HungarianMatcher+JohnsonDijkstraStrategy,36,negative,edge_relaxations,11180
W4,500,1.5,3,HungarianMatcher+JohnsonDijkstraStrategy,36,negative,defect_at_iteration,463
W4,500,1.5,3,HungarianMatcher+JohnsonDijkstraStrategy,37,negative,edge_relaxations,11180
W4,500,1.5,3,HungarianMatcher+JohnsonDijkstraStrategy,37,negative,defect_at_iteration,462
W4,500,1.5,3,HungarianMatcher+JohnsonDijkstraStrategy,38,negative,edge_relaxations,11180
W4,500,1.5,3,HungarianMatcher+JohnsonDijkstraStrategy,38,negative,defect_at_iteration,461
W4,500,1.5,3,HungarianMatcher+JohnsonDijkstraStrategy,39,negative,edge_relaxations,11180
W4,500,1.5,3,HungarianMatcher+JohnsonDijkstraStrategy,39,negative,defect_at_iteration,460
W4,500,1.5,3,HungarianMatcher+JohnsonDijkstraStrategy,40,negative,edge_relaxations,11180
W4,500,1.5,3,HungarianMatcher+JohnsonDijkstraStrategy,40,negative,defect_at_iteration,459
W4,500,1.5,3,HungarianMatcher+JohnsonDijkstraStrategy,41,negative,edge_relaxations,11180
W4,500,1.5,3,HungarianMatcher+JohnsonDijkstraStrategy,41,negative,defect_at_iteration,458
W4,500,1.5,3,HungarianMatcher+JohnsonDijkstraStrategy,42,negative,edge_relaxations,11180
W4,500,1.5,3,HungarianMatcher+JohnsonDijkstraStrategy,42,negative,defect_at_iteration,457
W4,500,1.5,3,HungarianMatcher+JohnsonDijkstraStrategy,43,negative,edge_relaxations,11180
W4,500,1.5,3,HungarianMatcher+JohnsonDijkstraStrategy,43,negative,defect_at_iteration,456
W4,500,1.5,3,HungarianMatcher+JohnsonDijkstraStrategy,44,negative,edge_relaxations,11180
W4,500,1.5,3,HungarianMatcher+JohnsonDijkstraStrategy,44,negative,defect_at_iteration,455
W4,500,1.5,3,HungarianMatcher+JohnsonDijkstraStrategy,45,negative,edge_relaxations,11180
W4,500,1.5,3,HungarianMatcher+JohnsonDijkstraStrategy,45,negative,defect_at_iteration,454
W4,500,1.5,3,HungarianMatcher+JohnsonDijkstraStrategy,46,negative,edge_relaxations,11180
W4,500,1.5,3,HungarianMatcher+JohnsonDijkstraStrategy,46,negative,defect_at_iteration,453
W4,500,1.5,3,HungarianMatcher+JohnsonDijkstraStrategy,47,negative,edge_relaxations,11180
W4,500,1.5,3,HungarianMatcher+JohnsonDijkstraStrategy,47,negative,defect_at_iteration,452
W4,500,1.5,3,HungarianMatcher+JohnsonDijkstraStrategy,48,negative,edge_relaxations,11180
W4,500,1.5,3,HungarianMatcher+JohnsonDijkstraStrategy,48,negative,defect_at_iteration,451
W4,500,1.5,3,HungarianMatcher+JohnsonDijkstraStrategy,49,negative,edge_relaxations,11180
W4,500,1.5,3,HungarianMatcher+JohnsonDijkstraStrategy,49,negative,defect_at_iteration,450
W4,500,1.5,3,HungarianMatcher+JohnsonDijkstraStrategy,50,negative,edge_relaxations,11180
W4,500,1.5,3,HungarianMatcher+JohnsonDijkstraStrategy,50,negative,defect_at_iteration,449
W4,500,1.5,3,HungarianMatcher+JohnsonDijkstraStrategy,51,negative,edge_relaxations,11180
W4,500,1.5,3,HungarianMatcher+JohnsonDijkstraStrategy,51,negative,defect_at_iteration,448
W4,500,1.5,3,HungarianMatcher+JohnsonDijkstraStrategy,52,negative,edge_relaxations,11180
W4,500,1.5,3,HungarianMatcher+JohnsonDijkstraStrategy,52,negative,defect_at_iteration,447
W4,500,1.5,3,HungarianMatcher+JohnsonDijkstraStrategy,53,negative,edge_relaxations,11180
W4,500,1.5,3,HungarianMatcher+JohnsonDijkstraStrategy,53,negative,defect_at_iteration,446
W4,500,1.5,3,HungarianMatcher+JohnsonDijkstraStrategy,54,negative,edge_relaxations,11180
W4,500,1.5,3,HungarianMatcher+JohnsonDijkstraStrategy,54,negative,defect_at_iteration,445
W4,500,1.5,3,HungarianMatcher+JohnsonDijkstraStrategy,55,negative,edge_relaxations,11180
W4,500,1.5,3,HungarianMatcher+JohnsonDijkstraStrategy,55,negative,defect_at_iteration,444
W4,500,1.5,3,HungarianMatcher+JohnsonDijkstraStrategy,56,negative,edge_relaxations,11180
W4,500,1.5,3,HungarianMatcher+JohnsonDijkstraStrategy,56,negative,defect_at_iteration,443
W4,500,1.5,3,HungarianMatcher+JohnsonDijkstraStrategy,57,negative,edge_relaxations,11180
W4,500,1.5,3,HungarianMatcher+JohnsonDijkstraStrategy,57,negative,defect_at_iteration,442
W4,500,1.5,3,HungarianMatcher+JohnsonDijkstraStrategy,58,negative,edge_relaxations,11180
W4,500,1.5,3,HungarianMatcher+JohnsonDijkstraStrategy,58,negative,defect_at_iteration,441
W4,500,1.5,3,HungarianMatcher+JohnsonDijkstraStrategy,59,negative,edge_relaxations,11180
W4,500,1.5,3,HungarianMatcher+JohnsonDijkstraStrategy,59,negative,defect_at_iteration,440
W4,500,1.5,3,HungarianMatcher+JohnsonDijkstraStrategy,60,negative,edge_relaxations,11180
W4,500,1.5,3,HungarianMatcher+JohnsonDijkstraStrategy,60,negative,defect_at_iteration,439
W4,500,1.5,3,HungarianMatcher+JohnsonDijkstraStrategy,61,negative,edge_relaxations,11180
W4,500,1.5,3,HungarianMatcher+JohnsonDijkstraStrategy,61,negative,defect_at_iteration,438
W4,500,1.5,3,HungarianMatcher+JohnsonDijkstraStrategy,62,negative,edge_relaxations,11180
W4,500,1.5,3,HungarianMatcher+JohnsonDijkstraStrategy,62,negative,defect_at_iteration,437
W4,500,1.5,3,HungarianMatcher+JohnsonDijkstraStrategy,63,negative,edge_relaxations,11180
W4,500,1.5,3,HungarianMatcher+JohnsonDijkstraStrategy,63,negative,defect_at_iteration,436
W4,500,1.5,3,HungarianMatcher+JohnsonDijkstraStrategy,64,negative,edge_relaxations,11180
W4,500,1.5,3,HungarianMatcher+JohnsonDijkstraStrategy,64,negative,defect_at_iteration,435
W4,500,1.5,3,HungarianMatcher+JohnsonDijkstraStrategy,65,negative,edge_relaxations,11180
W4,500,1.5,3,HungarianMatcher+JohnsonDijkstraStrategy,65,negative,defect_at_iteration,434
W4,500,1.5,3,HungarianMatcher+JohnsonDijkstraStrategy,66,negative,edge_relaxations,11180
W4,500,1.5,3,HungarianMatcher+JohnsonDijkstraStrategy,66,negative,defect_at_iteration,433
W4,500,1.5,3,HungarianMatcher+JohnsonDijkstraStrategy,67,negative,edge_relaxations,11180
W4,500,1.5,3,HungarianMatcher+JohnsonDijkstraStrategy,67,negative,defect_at_iteration,432
W4,500,1.5,3,HungarianMatcher+JohnsonDijkstraStrategy,68,negative,edge_relaxations,11180
W4,500,1.5,3,HungarianMatcher+JohnsonDijkstraStrategy,68,negative,defect_at_iteration,431
W4,500,1.5,3,HungarianMatcher+JohnsonDijkstraStrategy,69,negative,edge_relaxations,11180
W4,500,1.5,3,HungarianMatcher+JohnsonDijkstraStrategy,69,negative,defect_at_iteration,430
W4,500,1.5,3,HungarianMatcher+JohnsonDijkstraStrategy,70,negative,edge_relaxations,11180
W4,500,1.5,3,HungarianMatcher+JohnsonDijkstraStrategy,70,negative,defect_at_iteration,429
W4,500,1.5,3,HungarianMatcher+JohnsonDijkstraStrategy,71,negative,edge_relaxations,11180
W4,500,1.5,3,HungarianMatcher+JohnsonDijkstraStrategy,71,negative,defect_at_iteration,428
W4,500,1.5,3,HungarianMatcher+JohnsonDijkstraStrategy,72,negative,edge_relaxations,11180
W4,500,1.5,3,HungarianMatcher+JohnsonDijkstraStrategy,72,negative,defect_at_iteration,427
W4,500,1.5,3,HungarianMatcher+JohnsonDijkstraStrategy,73,negative,edge_relaxations,11180
W4,500,1.5,3,HungarianMatcher+JohnsonDijkstraStrategy,73,negative,defect_at_iteration,426
W4,500,1.5,3,HungarianMatcher+JohnsonDijkstraStrategy,74,negative,edge_relaxations,11180
W4,500,1.5,3,HungarianMatcher+JohnsonDijkstraStrategy,74,negative,defect_at_iteration,425
W4,500,1.5,3,HungarianMatcher+JohnsonDijkstraStrategy,75,negative,edge_relaxations,11180
W4,500,1.5,3,HungarianMatcher+JohnsonDijkstraStrategy,75,negative,defect_at_iteration,424
W4,500,1.5,3,HungarianMatcher+JohnsonDijkstraStrategy,76,negative,edge_relaxations,11180
W4,500,1.5,3,HungarianMatcher+JohnsonDijkstraStrategy,76,negative,defect_at_iteration,423
W4,500,1.5,3,HungarianMatcher+JohnsonDijkstraStrategy,77,negative,edge_relaxations,11180
W4,500,1.5,3,HungarianMatcher+JohnsonDijkstraStrategy,77,negative,defect_at_iteration,422
W4,500,1.5,3,HungarianMatcher+JohnsonDijkstraStrategy,78,negative,edge_relaxations,11180
W4,500,1.5,3,HungarianMatcher+JohnsonDijkstraStrategy,78,negative,defect_at_iteration,421
W4,500,1.5,3,HungarianMatcher+JohnsonDijkstraStrategy,79,negative,edge_relaxations,11180
W4,500,1.5,3,HungarianMatcher+JohnsonDijkstraStrategy,79,negative,defect_at_iteration,420
W4,500,1.5,3,HungarianMatcher+JohnsonDijkstraStrategy,80,negative,edge_relaxations,11180
W4,500,1.5,3,HungarianMatcher+JohnsonDijkstraStrategy,80,negative,defect_at_iteration,419
W4,500,1.5,3,HungarianMatcher+JohnsonDijkstraStrategy,81,negative,edge_relaxations,11180
W4,500,1.5,3,HungarianMatcher+JohnsonDijkstraStrategy,81,negative,defect_at_iteration,418
W4,500,1.5,3,HungarianMatcher+JohnsonDijkstraStrategy,82,negative,edge_relaxations,11180
W4,500,1.5,3,HungarianMatcher+JohnsonDijkstraStrategy,82,negative,defect_at_iteration,417
W4,500,1.5,3,HungarianMatcher+JohnsonDijkstraStrategy,83,negative,edge_relaxations,11180
W4,500,1.5,3,HungarianMatcher+JohnsonDijkstraStrategy,83,negative,defect_at_iteration,416
W4,500,1.5,3,HungarianMatcher+JohnsonDijkstraStrategy,84,negative,edge_relaxations,11180
W4,500,1.5,3,HungarianMatcher+JohnsonDijkstraStrategy,84,negative,defect_at_iteration,415
W4,500,1.5,3,HungarianMatcher+JohnsonDijkstraStrategy,85,negative,edge_relaxations,11180
W4,500,1.5,3,HungarianMatcher+JohnsonDijkstraStrategy,85,negative,defect_at_iteration,414
W4,500,1.5,3,HungarianMatcher+JohnsonDijkstraStrategy,86,negative,edge_relaxations,11180
W4,500,1.5,3,HungarianMatcher+JohnsonDijkstraStrategy,86,negative,defect_at_iteration,413
W4,500,1.5,3,HungarianMatcher+JohnsonDijkstraStrategy,87,negative,edge_relaxations,11180
W4,500,1.5,3,HungarianMatcher+JohnsonDijkstraStrategy,87,negative,defect_at_iteration,412
W4,500,1.5,3,HungarianMatcher+JohnsonDijkstraStrategy,88,negative,edge_relaxations,11180
W4,500,1.5,3,HungarianMatcher+JohnsonDijkstraStrategy,88,negative,defect_at_iteration,411
W4,500,1.5,3,HungarianMatcher+JohnsonDijkstraStrategy,89,negative,edge_relaxations,11180
W4,500,1.5,3,HungarianMatcher+JohnsonDijkstraStrategy,89,negative,defect_at_iteration,410
W4,500,1.5,3,HungarianMatcher+JohnsonDijkstraStrategy,90,negative,edge_relaxations,11180
W4,500,1.5,3,HungarianMatcher+JohnsonDijkstraStrategy,90,negative,defect_at_iteration,409
W4,500,1.5,3,HungarianMatcher+JohnsonDijkstraStrategy,91,negative,edge_relaxations,11180
W4,500,1.5,3,HungarianMatcher+JohnsonDijkstraStrategy,91,negative,defect_at_iteration,408
W4,500,1.5,3,HungarianMatcher+JohnsonDijkstraStrategy,92,negative,edge_relaxations,11180
W4,500,1.5,3,HungarianMatcher+JohnsonDijkstraStrategy,92,negative,defect_at_iteration,407
W4,500,1.5,3,HungarianMatcher+JohnsonDijkstraStrategy,93,negative,edge_relaxations,11180
W4,500,1.5,3,HungarianMatcher+JohnsonDijkstraStrategy,93,negative,defect_at_iteration,406
W4,500,1.5,3,HungarianMatcher+JohnsonDijkstraStrategy,94,negative,edge_relaxations,11180
W4,500,1.5,3,HungarianMatcher+JohnsonDijkstraStrategy,94,negative,defect_at_iteration,405
W4,500,1.5,3,HungarianMatcher+JohnsonDijkstraStrategy,95,negative,edge_relaxations,11180
W4,500,1.5,3,HungarianMatcher+JohnsonDijkstraStrategy,95,negative,defect_at_iteration,404
W4,500,1.5,3,HungarianMatcher+JohnsonDijkstraStrategy,96,negative,edge_relaxations,11180
W4,500,1.5,3,HungarianMatcher+JohnsonDijkstraStrategy,96,negative,defect_at_iteration,403
W4,500,1.5,3,HungarianMatcher+JohnsonDijkstraStrategy,97,negative,edge_relaxations,11180
W4,500,1.5,3,HungarianMatcher+JohnsonDijkstraStrategy,97,negative,defect_at_iteration,402
W4,500,1.5,3,HungarianMatcher+JohnsonDijkstraStrategy,98,negative,edge_relaxations,11180
W4,500,1.5,3,HungarianMatcher+JohnsonDijkstraStrategy,98,negative,defect_at_iteration,401
W4,500,1.5,3,HungarianMatcher+JohnsonDijkstraStrategy,99,negative,edge_relaxations,11180
W4,500,1.5,3,HungarianMatcher+JohnsonDijkstraStrategy,99,negative,defect_at_iteration,400
W4,500,1.5,3,HungarianMatcher+JohnsonDijkstraStrategy,100,negative,edge_relaxations,11180
W4,500,1.5,3,HungarianMatcher+JohnsonDijkstraStrategy,100,negative,defect_at_iteration,399
W4,500,1.5,3,HungarianMatcher+JohnsonDijkstraStrategy,101,negative,edge_relaxations,11180
W4,500,1.5,3,HungarianMatcher+JohnsonDijkstraStrategy,101,negative,defect_at_iteration,398
W4,500,1.5,3,HungarianMatcher+JohnsonDijkstraStrategy,102,negative,edge_relaxations,11180
W4,500,1.5,3,HungarianMatcher+JohnsonDijkstraStrategy,102,negative,defect_at_iteration,397
W4,500,1.5,3,HungarianMatcher+JohnsonDijkstraStrategy,103,negative,edge_relaxations,11180
W4,500,1.5,3,HungarianMatcher+JohnsonDijkstraStrategy,103,negative,defect_at_iteration,396
W4,500,1.5,3,HungarianMatcher+JohnsonDijkstraStrategy,104,negative,edge_relaxations,11180
W4,500,1.5,3,HungarianMatcher+JohnsonDijkstraStrategy,104,negative,defect_at_iteration,395
W4,500,1.5,3,HungarianMatcher+JohnsonDijkstraStrategy,105,negative,edge_relaxations,11180
W4,500,1.5,3,HungarianMatcher+JohnsonDijkstraStrategy,105,negative,defect_at_iteration,394
W4,500,1.5,3,HungarianMatcher+JohnsonDijkstraStrategy,106,negative,edge_relaxations,11180
W4,500,1.5,3,HungarianMatcher+JohnsonDijkstraStrategy,106,negative,defect_at_iteration,393
W4,500,1.5,3,HungarianMatcher+JohnsonDijkstraStrategy,107,negative,edge_relaxations,11180
W4,500,1.5,3,HungarianMatcher+JohnsonDijkstraStrategy,107,negative,defect_at_iteration,392
W4,500,1.5,3,HungarianMatcher+JohnsonDijkstraStrategy,108,negative,edge_relaxations,11180
W4,500,1.5,3,HungarianMatcher+JohnsonDijkstraStrategy,108,negative,defect_at_iteration,391
W4,500,1.5,3,HungarianMatcher+JohnsonDijkstraStrategy,109,negative,edge_relaxations,11180
W4,500,1.5,3,HungarianMatcher+JohnsonDijkstraStrategy,109,negative,defect_at_iteration,390
W4,500,1.5,3,HungarianMatcher+JohnsonDijkstraStrategy,110,negative,edge_relaxations,11180
W4,500,1.5,3,HungarianMatcher+JohnsonDijkstraStrategy,110,negative,defect_at_iteration,389
W4,500,1.5,3,HungarianMatcher+JohnsonDijkstraStrategy,111,negative,edge_relaxations,11180
W4,500,1.5,3,HungarianMatcher+JohnsonDijkstraStrategy,111,negative,defect_at_iteration,388
W4,500,1.5,3,HungarianMatcher+JohnsonDijkstraStrategy,112,negative,edge_relaxations,11180
W4,500,1.5,3,HungarianMatcher+JohnsonDijkstraStrategy,112,negative,defect_at_iteration,387
W4,500,1.5,3,HungarianMatcher+JohnsonDijkstraStrategy,113,negative,edge_relaxations,11180
W4,500,1.5,3,HungarianMatcher+JohnsonDijkstraStrategy,113,negative,defect_at_iteration,386
W4,500,1.5,3,HungarianMatcher+JohnsonDijkstraStrategy,114,negative,edge_relaxations,11180
W4,500,1.5,3,HungarianMatcher+JohnsonDijkstraStrategy,114,negative,defect_at_iteration,385
W4,500,1.5,3,HungarianMatcher+JohnsonDijkstraStrategy,115,negative,edge_relaxations,11180
W4,500,1.5,3,HungarianMatcher+JohnsonDijkstraStrategy,115,negative,defect_at_iteration,384
W4,500,1.5,3,HungarianMatcher+JohnsonDijkstraStrategy,116,negative,edge_relaxations,11180
W4,500,1.5,3,HungarianMatcher+JohnsonDijkstraStrategy,116,negative,defect_at_iteration,383
W4,500,1.5,3,HungarianMatcher+JohnsonDijkstraStrategy,117,negative,edge_relaxations,11180
W4,500,1.5,3,HungarianMatcher+JohnsonDijkstraStrategy,117,negative,defect_at_iteration,382
W4,500,1.5,3,HungarianMatcher+JohnsonDijkstraStrategy,118,negative,edge_relaxations,11180
W4,500,1.5,3,HungarianMatcher+JohnsonDijkstraStrategy,118,negative,defect_at_iteration,381
W4,500,1.5,3,HungarianMatcher+JohnsonDijkstraStrategy,119,negative,edge_relaxations,11180
W4,500,1.5,3,HungarianMatcher+JohnsonDijkstraStrategy,119,negative,defect_at_iteration,380
W4,500,1.5,3,HungarianMatcher+JohnsonDijkstraStrategy,120,negative,edge_relaxations,11180
W4,500,1.5,3,HungarianMatcher+JohnsonDijkstraStrategy,120,negative,defect_at_iteration,379
W4,500,1.5,3,HungarianMatcher+JohnsonDijkstraStrategy,121,negative,edge_relaxations,11180
W4,500,1.5,3,HungarianMatcher+JohnsonDijkstraStrategy,121,negative,defect_at_iteration,378
W4,500,1.5,3,HungarianMatcher+JohnsonDijkstraStrategy,122,negative,edge_relaxations,11180
W4,500,1.5,3,HungarianMatcher+JohnsonDijkstraStrategy,122,negative,defect_at_iteration,377
W4,500,1.5,3,HungarianMatcher+JohnsonDijkstraStrategy,123,negative,edge_relaxations,11180
W4,500,1.5,3,HungarianMatcher+JohnsonDijkstraStrategy,123,negative,defect_at_iteration,376
W4,500,1.5,3,HungarianMatcher+JohnsonDijkstraStrategy,124,negative,edge_relaxations,11180
W4,500,1.5,3,HungarianMatcher+JohnsonDijkstraStrategy,124,negative,defect_at_iteration,375
W4,500,1.5,3,HungarianMatcher+JohnsonDijkstraStrategy,125,negative,edge_relaxations,11180
W4,500,1.5,3,HungarianMatcher+JohnsonDijkstraStrategy,125,negative,defect_at_iteration,374
W4,500,1.5,3,HungarianMatcher+JohnsonDijkstraStrategy,126,negative,edge_relaxations,11180
W4,500,1.5,3,HungarianMatcher+JohnsonDijkstraStrategy,126,negative,defect_at_iteration,373
W4,500,1.5,3,HungarianMatcher+JohnsonDijkstraStrategy,127,negative,edge_relaxations,11180
W4,500,1.5,3,HungarianMatcher+JohnsonDijkstraStrategy,127,negative,defect_at_iteration,372
W4,500,1.5,3,HungarianMatcher+JohnsonDijkstraStrategy,128,negative,edge_relaxations,11180
W4,500,1.5,3,HungarianMatcher+JohnsonDijkstraStrategy,128,negative,defect_at_iteration,371
W4,500,1.5,3,HungarianMatcher+JohnsonDijkstraStrategy,129,negative,edge_relaxations,11180
W4,500,1.5,3,HungarianMatcher+JohnsonDijkstraStrategy,129,negative,defect_at_iteration,370
W4,500,1.5,3,HungarianMatcher+JohnsonDijkstraStrategy,130,negative,edge_relaxations,11180
W4,500,1.5,3,HungarianMatcher+JohnsonDijkstraStrategy,130,negative,defect_at_iteration,369
W4,500,1.5,3,HungarianMatcher+JohnsonDijkstraStrategy,131,negative,edge_relaxations,11180
W4,500,1.5,3,HungarianMatcher+JohnsonDijkstraStrategy,131,negative,defect_at_iteration,368
W4,500,1.5,3,HungarianMatcher+JohnsonDijkstraStrategy,132,negative,edge_relaxations,11180
W4,500,1.5,3,HungarianMatcher+JohnsonDijkstraStrategy,132,negative,defect_at_iteration,367
W4,500,1.5,3,HungarianMatcher+JohnsonDijkstraStrategy,133,negative,edge_relaxations,11180
W4,500,1.5,3,HungarianMatcher+JohnsonDijkstraStrategy,133,negative,defect_at_iteration,366
W4,500,1.5,3,HungarianMatcher+JohnsonDijkstraStrategy,134,negative,edge_relaxations,11180
W4,500,1.5,3,HungarianMatcher+JohnsonDijkstraStrategy,134,negative,defect_at_iteration,365
W4,500,1.5,3,HungarianMatcher+JohnsonDijkstraStrategy,135,negative,edge_relaxations,11180
W4,500,1.5,3,HungarianMatcher+JohnsonDijkstraStrategy,135,negative,defect_at_iteration,364
W4,500,1.5,3,HungarianMatcher+JohnsonDijkstraStrategy,136,negative,edge_relaxations,11180
W4,500,1.5,3,HungarianMatcher+JohnsonDijkstraStrategy,136,negative,defect_at_iteration,363
W4,500,1.5,3,HungarianMatcher+JohnsonDijkstraStrategy,137,negative,edge_relaxations,11180
W4,500,1.5,3,HungarianMatcher+JohnsonDijkstraStrategy,137,negative,defect_at_iteration,362
W4,500,1.5,3,HungarianMatcher+JohnsonDijkstraStrategy,138,negative,edge_relaxations,11180
W4,500,1.5,3,HungarianMatcher+JohnsonDijkstraStrategy,138,negative,defect_at_iteration,361
W4,500,1.5,3,HungarianMatcher+JohnsonDijkstraStrategy,139,negative,edge_relaxations,11180
W4,500,1.5,3,HungarianMatcher+JohnsonDijkstraStrategy,139,negative,defect_at_iteration,360
W4,500,1.5,3,HungarianMatcher+JohnsonDijkstraStrategy,140,negative,edge_relaxations,11180
W4,500,1.5,3,HungarianMatcher+JohnsonDijkstraStrategy,140,negative,defect_at_iteration,359
W4,500,1.5,3,HungarianMatcher+JohnsonDijkstraStrategy,141,negative,edge_relaxations,11180
W4,500,1.5,3,HungarianMatcher+JohnsonDijkstraStrategy,141,negative,defect_at_iteration,358
W4,500,1.5,3,HungarianMatcher+JohnsonDijkstraStrategy,142,negative,edge_relaxations,11180
W4,500,1.5,3,HungarianMatcher+JohnsonDijkstraStrategy,142,negative,defect_at_iteration,357
W4,500,1.5,3,HungarianMatcher+JohnsonDijkstraStrategy,143,negative,edge_relaxations,11180
W4,500,1.5,3,HungarianMatcher+JohnsonDijkstraStrategy,143,negative,defect_at_iteration,356
W4,500,1.5,3,HungarianMatcher+JohnsonDijkstraStrategy,144,negative,edge_relaxations,11180
W4,500,1.5,3,HungarianMatcher+JohnsonDijkstraStrategy,144,negative,defect_at_iteration,355
W4,500,1.5,3,HungarianMatcher+JohnsonDijkstraStrategy,145,negative,edge_relaxations,11180
W4,500,1.5,3,HungarianMatcher+JohnsonDijkstraStrategy,145,negative,defect_at_iteration,354
W4,500,1.5,3,HungarianMatcher+JohnsonDijkstraStrategy,146,negative,edge_relaxations,11180
W4,500,1.5,3,HungarianMatcher+JohnsonDijkstraStrategy,146,negative,defect_at_iteration,353
W4,500,1.5,3,HungarianMatcher+JohnsonDijkstraStrategy,147,negative,edge_relaxations,11180
W4,500,1.5,3,HungarianMatcher+JohnsonDijkstraStrategy,147,negative,defect_at_iteration,352
W4,500,1.5,3,HungarianMatcher+JohnsonDijkstraStrategy,148,negative,edge_relaxations,11180
W4,500,1.5,3,HungarianMatcher+JohnsonDijkstraStrategy,148,negative,defect_at_iteration,351
W4,500,1.5,3,HungarianMatcher+JohnsonDijkstraStrategy,149,negative,edge_relaxations,11180
W4,500,1.5,3,HungarianMatcher+JohnsonDijkstraStrategy,149,negative,defect_at_iteration,350
W4,500,1.5,3,HungarianMatcher+JohnsonDijkstraStrategy,150,negative,edge_relaxations,11180
W4,500,1.5,3,HungarianMatcher+JohnsonDijkstraStrategy,150,negative,defect_at_iteration,349
W4,500,1.5,3,HungarianMatcher+JohnsonDijkstraStrategy,151,negative,edge_relaxations,11180
W4,500,1.5,3,HungarianMatcher+JohnsonDijkstraStrategy,151,negative,defect_at_iteration,348
W4,500,1.5,3,HungarianMatcher+JohnsonDijkstraStrategy,152,negative,edge_relaxations,11180
W4,500,1.5,3,HungarianMatcher+JohnsonDijkstraStrategy,152,negative,defect_at_iteration,347
W4,500,1.5,3,HungarianMatcher+JohnsonDijkstraStrategy,153,negative,edge_relaxations,11180
W4,500,1.5,3,HungarianMatcher+JohnsonDijkstraStrategy,153,negative,defect_at_iteration,346
W4,500,1.5,3,HungarianMatcher+JohnsonDijkstraStrategy,154,negative,edge_relaxations,11180
W4,500,1.5,3,HungarianMatcher+JohnsonDijkstraStrategy,154,negative,defect_at_iteration,345
W4,500,1.5,3,HungarianMatcher+JohnsonDijkstraStrategy,155,negative,edge_relaxations,11180
W4,500,1.5,3,HungarianMatcher+JohnsonDijkstraStrategy,155,negative,defect_at_iteration,344
W4,500,1.5,3,HungarianMatcher+JohnsonDijkstraStrategy,156,negative,edge_relaxations,11180
W4,500,1.5,3,HungarianMatcher+JohnsonDijkstraStrategy,156,negative,defect_at_iteration,343
W4,500,1.5,3,HungarianMatcher+JohnsonDijkstraStrategy,157,negative,edge_relaxations,11180
W4,500,1.5,3,HungarianMatcher+JohnsonDijkstraStrategy,157,negative,defect_at_iteration,342
W4,500,1.5,3,HungarianMatcher+JohnsonDijkstraStrategy,158,negative,edge_relaxations,11180
W4,500,1.5,3,HungarianMatcher+JohnsonDijkstraStrategy,158,negative,defect_at_iteration,341
W4,500,1.5,3,HungarianMatcher+JohnsonDijkstraStrategy,159,negative,edge_relaxations,11180
W4,500,1.5,3,HungarianMatcher+JohnsonDijkstraStrategy,159,negative,defect_at_iteration,340
W4,500,1.5,3,HungarianMatcher+JohnsonDijkstraStrategy,160,negative,edge_relaxations,11180
W4,500,1.5,3,HungarianMatcher+JohnsonDijkstraStrategy,160,negative,defect_at_iteration,339
W4,500,1.5,3,HungarianMatcher+JohnsonDijkstraStrategy,161,negative,edge_relaxations,11180
W4,500,1.5,3,HungarianMatcher+JohnsonDijkstraStrategy,161,negative,defect_at_iteration,338
W4,500,1.5,3,HungarianMatcher+JohnsonDijkstraStrategy,162,negative,edge_relaxations,11180
W4,500,1.5,3,HungarianMatcher+JohnsonDijkstraStrategy,162,negative,defect_at_iteration,337
W4,500,1.5,3,HungarianMatcher+JohnsonDijkstraStrategy,163,negative,edge_relaxations,11180
W4,500,1.5,3,HungarianMatcher+JohnsonDijkstraStrategy,163,negative,defect_at_iteration,336
W4,500,1.5,3,HungarianMatcher+JohnsonDijkstraStrategy,164,negative,edge_relaxations,11180
W4,500,1.5,3,HungarianMatcher+JohnsonDijkstraStrategy,164,negative,defect_at_iteration,335
W4,500,1.5,3,HungarianMatcher+JohnsonDijkstraStrategy,165,negative,edge_relaxations,11180
W4,500,1.5,3,HungarianMatcher+JohnsonDijkstraStrategy,165,negative,defect_at_iteration,334
W4,500,1.5,3,HungarianMatcher+JohnsonDijkstraStrategy,166,negative,edge_relaxations,11180
W4,500,1.5,3,HungarianMatcher+JohnsonDijkstraStrategy,166,negative,defect_at_iteration,333
W4,500,1.5,3,HungarianMatcher+JohnsonDijkstraStrategy,167,negative,edge_relaxations,11180
W4,500,1.5,3,HungarianMatcher+JohnsonDijkstraStrategy,167,negative,defect_at_iteration,332
W4,500,1.5,3,HungarianMatcher+JohnsonDijkstraStrategy,168,negative,edge_relaxations,11180
W4,500,1.5,3,HungarianMatcher+JohnsonDijkstraStrategy,168,negative,defect_at_iteration,331
W4,500,1.5,3,HungarianMatcher+JohnsonDijkstraStrategy,169,negative,edge_relaxations,11180
W4,500,1.5,3,HungarianMatcher+JohnsonDijkstraStrategy,169,negative,defect_at_iteration,330
W4,500,1.5,3,HungarianMatcher+JohnsonDijkstraStrategy,170,negative,edge_relaxations,11180
W4,500,1.5,3,HungarianMatcher+JohnsonDijkstraStrategy,170,negative,defect_at_iteration,329
W4,500,1.5,3,HungarianMatcher+JohnsonDijkstraStrategy,171,negative,edge_relaxations,11180
W4,500,1.5,3,HungarianMatcher+JohnsonDijkstraStrategy,171,negative,defect_at_iteration,328
W4,500,1.5,3,HungarianMatcher+JohnsonDijkstraStrategy,172,negative,edge_relaxations,11180
W4,500,1.5,3,HungarianMatcher+JohnsonDijkstraStrategy,172,negative,defect_at_iteration,327
W4,500,1.5,3,HungarianMatcher+JohnsonDijkstraStrategy,173,negative,edge_relaxations,11180
W4,500,1.5,3,HungarianMatcher+JohnsonDijkstraStrategy,173,negative,defect_at_iteration,326
W4,500,1.5,3,HungarianMatcher+JohnsonDijkstraStrategy,174,negative,edge_relaxations,11180
W4,500,1.5,3,HungarianMatcher+JohnsonDijkstraStrategy,174,negative,defect_at_iteration,325
W4,500,1.5,3,HungarianMatcher+JohnsonDijkstraStrategy,175,negative,edge_relaxations,11180
W4,500,1.5,3,HungarianMatcher+JohnsonDijkstraStrategy,175,negative,defect_at_iteration,324
W4,500,1.5,3,HungarianMatcher+JohnsonDijkstraStrategy,176,negative,edge_relaxations,11180
W4,500,1.5,3,HungarianMatcher+JohnsonDijkstraStrategy,176,negative,defect_at_iteration,323
W4,500,1.5,3,HungarianMatcher+JohnsonDijkstraStrategy,177,negative,edge_relaxations,11180
W4,500,1.5,3,HungarianMatcher+JohnsonDijkstraStrategy,177,negative,defect_at_iteration,322
W4,500,1.5,3,HungarianMatcher+JohnsonDijkstraStrategy,178,negative,edge_relaxations,11180
W4,500,1.5,3,HungarianMatcher+JohnsonDijkstraStrategy,178,negative,defect_at_iteration,321
W4,500,1.5,3,HungarianMatcher+JohnsonDijkstraStrategy,179,negative,edge_relaxations,11180
W4,500,1.5,3,HungarianMatcher+JohnsonDijkstraStrategy,179,negative,defect_at_iteration,320
W4,500,1.5,3,HungarianMatcher+JohnsonDijkstraStrategy,180,negative,edge_relaxations,11180
W4,500,1.5,3,HungarianMatcher+JohnsonDijkstraStrategy,180,negative,defect_at_iteration,319
W4,500,1.5,3,HungarianMatcher+JohnsonDijkstraStrategy,181,negative,edge_relaxations,11180
W4,500,1.5,3,HungarianMatcher+JohnsonDijkstraStrategy,181,negative,defect_at_iteration,318
W4,500,1.5,3,HungarianMatcher+JohnsonDijkstraStrategy,182,negative,edge_relaxations,11180
W4,500,1.5,3,HungarianMatcher+JohnsonDijkstraStrategy,182,negative,defect_at_iteration,317
W4,500,1.5,3,HungarianMatcher+JohnsonDijkstraStrategy,183,negative,edge_relaxations,11180
W4,500,1.5,3,HungarianMatcher+JohnsonDijkstraStrategy,183,negative,defect_at_iteration,316
W4,500,1.5,3,HungarianMatcher+JohnsonDijkstraStrategy,184,negative,edge_relaxations,11180
W4,500,1.5,3,HungarianMatcher+JohnsonDijkstraStrategy,184,negative,defect_at_iteration,315
W4,500,1.5,3,HungarianMatcher+JohnsonDijkstraStrategy,185,negative,edge_relaxations,11180
W4,500,1.5,3,HungarianMatcher+JohnsonDijkstraStrategy,185,negative,defect_at_iteration,314
W4,500,1.5,3,HungarianMatcher+JohnsonDijkstraStrategy,186,negative,edge_relaxations,11180
W4,500,1.5,3,HungarianMatcher+JohnsonDijkstraStrategy,186,negative,defect_at_iteration,313
W4,500,1.5,3,HungarianMatcher+JohnsonDijkstraStrategy,187,negative,edge_relaxations,11180
W4,500,1.5,3,HungarianMatcher+JohnsonDijkstraStrategy,187,negative,defect_at_iteration,312
W4,500,1.5,3,HungarianMatcher+JohnsonDijkstraStrategy,188,negative,edge_relaxations,11180
W4,500,1.5,3,HungarianMatcher+JohnsonDijkstraStrategy,188,negative,defect_at_iteration,311
W4,500,1.5,3,HungarianMatcher+JohnsonDijkstraStrategy,189,negative,edge_relaxations,11180
W4,500,1.5,3,HungarianMatcher+JohnsonDijkstraStrategy,189,negative,defect_at_iteration,310
W4,500,1.5,3,HungarianMatcher+JohnsonDijkstraStrategy,190,negative,edge_relaxations,11180
W4,500,1.5,3,HungarianMatcher+JohnsonDijkstraStrategy,190,negative,defect_at_iteration,309
W4,500,1.5,3,HungarianMatcher+JohnsonDijkstraStrategy,191,negative,edge_relaxations,11180
W4,500,1.5,3,HungarianMatcher+JohnsonDijkstraStrategy,191,negative,defect_at_iteration,308
W4,500,1.5,3,HungarianMatcher+JohnsonDijkstraStrategy,192,negative,edge_relaxations,11180
W4,500,1.5,3,HungarianMatcher+JohnsonDijkstraStrategy,192,negative,defect_at_iteration,307
W4,500,1.5,3,HungarianMatcher+JohnsonDijkstraStrategy,193,negative,edge_relaxations,11180
W4,500,1.5,3,HungarianMatcher+JohnsonDijkstraStrategy,193,negative,defect_at_iteration,306
W4,500,1.5,3,HungarianMatcher+JohnsonDijkstraStrategy,194,negative,edge_relaxations,11180
W4,500,1.5,3,HungarianMatcher+JohnsonDijkstraStrategy,194,negative,defect_at_iteration,305
W4,500,1.5,3,HungarianMatcher+JohnsonDijkstraStrategy,195,negative,edge_relaxations,11180
W4,500,1.5,3,HungarianMatcher+JohnsonDijkstraStrategy,195,negative,defect_at_iteration,304
W4,500,1.5,3,HungarianMatcher+JohnsonDijkstraStrategy,196,negative,edge_relaxations,11180
W4,500,1.5,3,HungarianMatcher+JohnsonDijkstraStrategy,196,negative,defect_at_iteration,303
W4,500,1.5,3,HungarianMatcher+JohnsonDijkstraStrategy,197,negative,edge_relaxations,11180
W4,500,1.5,3,HungarianMatcher+JohnsonDijkstraStrategy,197,negative,defect_at_iteration,302
W4,500,1.5,3,HungarianMatcher+JohnsonDijkstraStrategy,198,negative,edge_relaxations,11180
W4,500,1.5,3,HungarianMatcher+JohnsonDijkstraStrategy,198,negative,defect_at_iteration,301
W4,500,1.5,3,HungarianMatcher+JohnsonDijkstraStrategy,199,negative,edge_relaxations,11180
W4,500,1.5,3,HungarianMatcher+JohnsonDijkstraStrategy,199,negative,defect_at_iteration,300
W4,500,1.5,3,HungarianMatcher+JohnsonDijkstraStrategy,200,negative,edge_relaxations,11180
W4,500,1.5,3,HungarianMatcher+JohnsonDijkstraStrategy,200,negative,defect_at_iteration,299
W4,500,1.5,3,HungarianMatcher+JohnsonDijkstraStrategy,201,negative,edge_relaxations,11180
W4,500,1.5,3,HungarianMatcher+JohnsonDijkstraStrategy,201,negative,defect_at_iteration,298
W4,500,1.5,3,HungarianMatcher+JohnsonDijkstraStrategy,202,negative,edge_relaxations,11180
W4,500,1.5,3,HungarianMatcher+JohnsonDijkstraStrategy,202,negative,defect_at_iteration,297
W4,500,1.5,3,HungarianMatcher+JohnsonDijkstraStrategy,203,negative,edge_relaxations,11180
W4,500,1.5,3,HungarianMatcher+JohnsonDijkstraStrategy,203,negative,defect_at_iteration,296
W4,500,1.5,3,HungarianMatcher+JohnsonDijkstraStrategy,204,negative,edge_relaxations,11180
W4,500,1.5,3,HungarianMatcher+JohnsonDijkstraStrategy,204,negative,defect_at_iteration,295
W4,500,1.5,3,HungarianMatcher+JohnsonDijkstraStrategy,205,negative,edge_relaxations,11180
W4,500,1.5,3,HungarianMatcher+JohnsonDijkstraStrategy,205,negative,defect_at_iteration,294
W4,500,1.5,3,HungarianMatcher+JohnsonDijkstraStrategy,206,negative,edge_relaxations,11180
W4,500,1.5,3,HungarianMatcher+JohnsonDijkstraStrategy,206,negative,defect_at_iteration,293
W4,500,1.5,3,HungarianMatcher+JohnsonDijkstraStrategy,207,negative,edge_relaxations,11180
W4,500,1.5,3,HungarianMatcher+JohnsonDijkstraStrategy,207,negative,defect_at_iteration,292
W4,500,1.5,3,HungarianMatcher+JohnsonDijkstraStrategy,208,negative,edge_relaxations,11180
W4,500,1.5,3,HungarianMatcher+JohnsonDijkstraStrategy,208,negative,defect_at_iteration,291
W4,500,1.5,3,HungarianMatcher+JohnsonDijkstraStrategy,209,negative,edge_relaxations,11180
W4,500,1.5,3,HungarianMatcher+JohnsonDijkstraStrategy,209,negative,defect_at_iteration,290
W4,500,1.5,3,HungarianMatcher+JohnsonDijkstraStrategy,210,negative,edge_relaxations,11180
W4,500,1.5,3,HungarianMatcher+JohnsonDijkstraStrategy,210,negative,defect_at_iteration,289
W4,500,1.5,3,HungarianMatcher+JohnsonDijkstraStrategy,211,negative,edge_relaxations,11180
W4,500,1.5,3,HungarianMatcher+JohnsonDijkstraStrategy,211,negative,defect_at_iteration,288
W4,500,1.5,3,HungarianMatcher+JohnsonDijkstraStrategy,212,negative,edge_relaxations,11180
W4,500,1.5,3,HungarianMatcher+JohnsonDijkstraStrategy,212,negative,defect_at_iteration,287
W4,500,1.5,3,HungarianMatcher+JohnsonDijkstraStrategy,213,negative,edge_relaxations,11180
W4,500,1.5,3,HungarianMatcher+JohnsonDijkstraStrategy,213,negative,defect_at_iteration,286
W4,500,1.5,3,HungarianMatcher+JohnsonDijkstraStrategy,214,negative,edge_relaxations,11180
W4,500,1.5,3,HungarianMatcher+JohnsonDijkstraStrategy,214,negative,defect_at_iteration,285
W4,500,1.5,3,HungarianMatcher+JohnsonDijkstraStrategy,215,negative,edge_relaxations,11180
W4,500,1.5,3,HungarianMatcher+JohnsonDijkstraStrategy,215,negative,defect_at_iteration,284
W4,500,1.5,3,HungarianMatcher+JohnsonDijkstraStrategy,216,negative,edge_relaxations,11180
W4,500,1.5,3,HungarianMatcher+JohnsonDijkstraStrategy,216,negative,defect_at_iteration,283
W4,500,1.5,3,HungarianMatcher+JohnsonDijkstraStrategy,217,negative,edge_relaxations,11180
W4,500,1.5,3,HungarianMatcher+JohnsonDijkstraStrategy,217,negative,defect_at_iteration,282
W4,500,1.5,3,HungarianMatcher+JohnsonDijkstraStrategy,218,negative,edge_relaxations,11180
W4,500,1.5,3,HungarianMatcher+JohnsonDijkstraStrategy,218,negative,defect_at_iteration,281
W4,500,1.5,3,HungarianMatcher+JohnsonDijkstraStrategy,219,negative,edge_relaxations,11180
W4,500,1.5,3,HungarianMatcher+JohnsonDijkstraStrategy,219,negative,defect_at_iteration,280
W4,500,1.5,3,HungarianMatcher+JohnsonDijkstraStrategy,220,negative,edge_relaxations,11180
W4,500,1.5,3,HungarianMatcher+JohnsonDijkstraStrategy,220,negative,defect_at_iteration,279
W4,500,1.5,3,HungarianMatcher+JohnsonDijkstraStrategy,221,negative,edge_relaxations,11180
W4,500,1.5,3,HungarianMatcher+JohnsonDijkstraStrategy,221,negative,defect_at_iteration,278
W4,500,1.5,3,HungarianMatcher+JohnsonDijkstraStrategy,222,negative,edge_relaxations,11180
W4,500,1.5,3,HungarianMatcher+JohnsonDijkstraStrategy,222,negative,defect_at_iteration,277
W4,500,1.5,3,HungarianMatcher+JohnsonDijkstraStrategy,223,negative,edge_relaxations,11180
W4,500,1.5,3,HungarianMatcher+JohnsonDijkstraStrategy,223,negative,defect_at_iteration,276
W4,500,1.5,3,HungarianMatcher+JohnsonDijkstraStrategy,224,negative,edge_relaxations,11180
W4,500,1.5,3,HungarianMatcher+JohnsonDijkstraStrategy,224,negative,defect_at_iteration,275
W4,500,1.5,3,HungarianMatcher+JohnsonDijkstraStrategy,225,negative,edge_relaxations,11180
W4,500,1.5,3,HungarianMatcher+JohnsonDijkstraStrategy,225,negative,defect_at_iteration,274
W4,500,1.5,3,HungarianMatcher+JohnsonDijkstraStrategy,226,negative,edge_relaxations,11180
W4,500,1.5,3,HungarianMatcher+JohnsonDijkstraStrategy,226,negative,defect_at_iteration,273
W4,500,1.5,3,HungarianMatcher+JohnsonDijkstraStrategy,227,negative,edge_relaxations,11180
W4,500,1.5,3,HungarianMatcher+JohnsonDijkstraStrategy,227,negative,defect_at_iteration,272
W4,500,1.5,3,HungarianMatcher+JohnsonDijkstraStrategy,228,negative,edge_relaxations,11180
W4,500,1.5,3,HungarianMatcher+JohnsonDijkstraStrategy,228,negative,defect_at_iteration,271
W4,500,1.5,3,HungarianMatcher+JohnsonDijkstraStrategy,229,negative,edge_relaxations,11180
W4,500,1.5,3,HungarianMatcher+JohnsonDijkstraStrategy,229,negative,defect_at_iteration,270
W4,500,1.5,3,HungarianMatcher+JohnsonDijkstraStrategy,230,negative,edge_relaxations,11180
W4,500,1.5,3,HungarianMatcher+JohnsonDijkstraStrategy,230,negative,defect_at_iteration,269
W4,500,1.5,3,HungarianMatcher+JohnsonDijkstraStrategy,231,negative,edge_relaxations,11180
W4,500,1.5,3,HungarianMatcher+JohnsonDijkstraStrategy,231,negative,defect_at_iteration,268
W4,500,1.5,3,HungarianMatcher+JohnsonDijkstraStrategy,232,negative,edge_relaxations,11180
W4,500,1.5,3,HungarianMatcher+JohnsonDijkstraStrategy,232,negative,defect_at_iteration,267
W4,500,1.5,3,HungarianMatcher+JohnsonDijkstraStrategy,233,negative,edge_relaxations,11180
W4,500,1.5,3,HungarianMatcher+JohnsonDijkstraStrategy,233,negative,defect_at_iteration,266
W4,500,1.5,3,HungarianMatcher+JohnsonDijkstraStrategy,234,negative,edge_relaxations,11180
W4,500,1.5,3,HungarianMatcher+JohnsonDijkstraStrategy,234,negative,defect_at_iteration,265
W4,500,1.5,3,HungarianMatcher+JohnsonDijkstraStrategy,235,negative,edge_relaxations,11180
W4,500,1.5,3,HungarianMatcher+JohnsonDijkstraStrategy,235,negative,defect_at_iteration,264
W4,500,1.5,3,HungarianMatcher+JohnsonDijkstraStrategy,236,negative,edge_relaxations,11180
W4,500,1.5,3,HungarianMatcher+JohnsonDijkstraStrategy,236,negative,defect_at_iteration,263
W4,500,1.5,3,HungarianMatcher+JohnsonDijkstraStrategy,237,negative,edge_relaxations,11180
W4,500,1.5,3,HungarianMatcher+JohnsonDijkstraStrategy,237,negative,defect_at_iteration,262
W4,500,1.5,3,HungarianMatcher+JohnsonDijkstraStrategy,238,negative,edge_relaxations,11180
W4,500,1.5,3,HungarianMatcher+JohnsonDijkstraStrategy,238,negative,defect_at_iteration,261
W4,500,1.5,3,HungarianMatcher+JohnsonDijkstraStrategy,239,negative,edge_relaxations,11180
W4,500,1.5,3,HungarianMatcher+JohnsonDijkstraStrategy,239,negative,defect_at_iteration,260
W4,500,1.5,3,HungarianMatcher+JohnsonDijkstraStrategy,240,negative,edge_relaxations,11180
W4,500,1.5,3,HungarianMatcher+JohnsonDijkstraStrategy,240,negative,defect_at_iteration,259
W4,500,1.5,3,HungarianMatcher+JohnsonDijkstraStrategy,241,negative,edge_relaxations,11180
W4,500,1.5,3,HungarianMatcher+JohnsonDijkstraStrategy,241,negative,defect_at_iteration,258
W4,500,1.5,3,HungarianMatcher+JohnsonDijkstraStrategy,242,negative,edge_relaxations,11180
W4,500,1.5,3,HungarianMatcher+JohnsonDijkstraStrategy,242,negative,defect_at_iteration,257
W4,500,1.5,3,HungarianMatcher+JohnsonDijkstraStrategy,243,negative,edge_relaxations,11180
W4,500,1.5,3,HungarianMatcher+JohnsonDijkstraStrategy,243,negative,defect_at_iteration,256
W4,500,1.5,3,HungarianMatcher+JohnsonDijkstraStrategy,244,negative,edge_relaxations,11180
W4,500,1.5,3,HungarianMatcher+JohnsonDijkstraStrategy,244,negative,defect_at_iteration,255
W4,500,1.5,3,HungarianMatcher+JohnsonDijkstraStrategy,245,negative,edge_relaxations,11180
W4,500,1.5,3,HungarianMatcher+JohnsonDijkstraStrategy,245,negative,defect_at_iteration,254
W4,500,1.5,3,HungarianMatcher+JohnsonDijkstraStrategy,246,negative,edge_relaxations,11180
W4,500,1.5,3,HungarianMatcher+JohnsonDijkstraStrategy,246,negative,defect_at_iteration,253
W4,500,1.5,3,HungarianMatcher+JohnsonDijkstraStrategy,247,negative,edge_relaxations,11180
W4,500,1.5,3,HungarianMatcher+JohnsonDijkstraStrategy,247,negative,defect_at_iteration,252
W4,500,1.5,3,HungarianMatcher+JohnsonDijkstraStrategy,248,negative,edge_relaxations,11180
W4,500,1.5,3,HungarianMatcher+JohnsonDijkstraStrategy,248,negative,defect_at_iteration,251
W4,500,1.5,3,HungarianMatcher+JohnsonDijkstraStrategy,249,negative,edge_relaxations,11180
W4,500,1.5,3,HungarianMatcher+JohnsonDijkstraStrategy,249,negative,defect_at_iteration,250
W4,500,1.5,3,HungarianMatcher+JohnsonDijkstraStrategy,250,negative,edge_relaxations,11180
W4,500,1.5,3,HungarianMatcher+JohnsonDijkstraStrategy,250,negative,defect_at_iteration,249
W4,500,1.5,3,HungarianMatcher+JohnsonDijkstraStrategy,251,negative,edge_relaxations,11180
W4,500,1.5,3,HungarianMatcher+JohnsonDijkstraStrategy,251,negative,defect_at_iteration,248
W4,500,1.5,3,HungarianMatcher+JohnsonDijkstraStrategy,252,negative,edge_relaxations,11180
W4,500,1.5,3,HungarianMatcher+JohnsonDijkstraStrategy,252,negative,defect_at_iteration,247
W4,500,1.5,3,HungarianMatcher+JohnsonDijkstraStrategy,253,negative,edge_relaxations,11180
W4,500,1.5,3,HungarianMatcher+JohnsonDijkstraStrategy,253,negative,defect_at_iteration,246
W4,500,1.5,3,HungarianMatcher+JohnsonDijkstraStrategy,254,negative,edge_relaxations,11180
W4,500,1.5,3,HungarianMatcher+JohnsonDijkstraStrategy,254,negative,defect_at_iteration,245
W4,500,1.5,3,HungarianMatcher+JohnsonDijkstraStrategy,255,negative,edge_relaxations,11180
W4,500,1.5,3,HungarianMatcher+JohnsonDijkstraStrategy,255,negative,defect_at_iteration,244
W4,500,1.5,3,HungarianMatcher+JohnsonDijkstraStrategy,256,negative,edge_relaxations,11180
W4,500,1.5,3,HungarianMatcher+JohnsonDijkstraStrategy,256,negative,defect_at_iteration,243
W4,500,1.5,3,HungarianMatcher+JohnsonDijkstraStrategy,257,negative,edge_relaxations,11180
W4,500,1.5,3,HungarianMatcher+JohnsonDijkstraStrategy,257,negative,defect_at_iteration,242
W4,500,1.5,3,HungarianMatcher+JohnsonDijkstraStrategy,258,negative,edge_relaxations,11180
W4,500,1.5,3,HungarianMatcher+JohnsonDijkstraStrategy,258,negative,defect_at_iteration,241
W4,500,1.5,3,HungarianMatcher+JohnsonDijkstraStrategy,259,negative,edge_relaxations,11180
W4,500,1.5,3,HungarianMatcher+JohnsonDijkstraStrategy,259,negative,defect_at_iteration,240
W4,500,1.5,3,HungarianMatcher+JohnsonDijkstraStrategy,260,negative,edge_relaxations,11180
W4,500,1.5,3,HungarianMatcher+JohnsonDijkstraStrategy,260,negative,defect_at_iteration,239
W4,500,1.5,3,HungarianMatcher+JohnsonDijkstraStrategy,261,negative,edge_relaxations,11180
W4,500,1.5,3,HungarianMatcher+JohnsonDijkstraStrategy,261,negative,defect_at_iteration,238
W4,500,1.5,3,HungarianMatcher+JohnsonDijkstraStrategy,262,negative,edge_relaxations,11180
W4,500,1.5,3,HungarianMatcher+JohnsonDijkstraStrategy,262,negative,defect_at_iteration,237
W4,500,1.5,3,HungarianMatcher+JohnsonDijkstraStrategy,263,negative,edge_relaxations,11180
W4,500,1.5,3,HungarianMatcher+JohnsonDijkstraStrategy,263,negative,defect_at_iteration,236
W4,500,1.5,3,HungarianMatcher+JohnsonDijkstraStrategy,264,negative,edge_relaxations,11180
W4,500,1.5,3,HungarianMatcher+JohnsonDijkstraStrategy,264,negative,defect_at_iteration,235
W4,500,1.5,3,HungarianMatcher+JohnsonDijkstraStrategy,265,negative,edge_relaxations,11180
W4,500,1.5,3,HungarianMatcher+JohnsonDijkstraStrategy,265,negative,defect_at_iteration,234
W4,500,1.5,3,HungarianMatcher+JohnsonDijkstraStrategy,266,negative,edge_relaxations,11180
W4,500,1.5,3,HungarianMatcher+JohnsonDijkstraStrategy,266,negative,defect_at_iteration,233
W4,500,1.5,3,HungarianMatcher+JohnsonDijkstraStrategy,267,negative,edge_relaxations,11180
W4,500,1.5,3,HungarianMatcher+JohnsonDijkstraStrategy,267,negative,defect_at_iteration,232
W4,500,1.5,3,HungarianMatcher+JohnsonDijkstraStrategy,268,negative,edge_relaxations,11180
W4,500,1.5,3,HungarianMatcher+JohnsonDijkstraStrategy,268,negative,defect_at_iteration,231
W4,500,1.5,3,HungarianMatcher+JohnsonDijkstraStrategy,269,negative,edge_relaxations,11180
W4,500,1.5,3,HungarianMatcher+JohnsonDijkstraStrategy,269,negative,defect_at_iteration,230
W4,500,1.5,3,HungarianMatcher+JohnsonDijkstraStrategy,270,negative,edge_relaxations,11180
W4,500,1.5,3,HungarianMatcher+JohnsonDijkstraStrategy,270,negative,defect_at_iteration,229
W4,500,1.5,3,HungarianMatcher+JohnsonDijkstraStrategy,271,negative,edge_relaxations,11180
W4,500,1.5,3,HungarianMatcher+JohnsonDijkstraStrategy,271,negative,defect_at_iteration,228
W4,500,1.5,3,HungarianMatcher+JohnsonDijkstraStrategy,272,negative,edge_relaxations,11180
W4,500,1.5,3,HungarianMatcher+JohnsonDijkstraStrategy,272,negative,defect_at_iteration,227
W4,500,1.5,3,HungarianMatcher+JohnsonDijkstraStrategy,273,negative,edge_relaxations,11180
W4,500,1.5,3,HungarianMatcher+JohnsonDijkstraStrategy,273,negative,defect_at_iteration,226
W4,500,1.5,3,HungarianMatcher+JohnsonDijkstraStrategy,274,negative,edge_relaxations,11180
W4,500,1.5,3,HungarianMatcher+JohnsonDijkstraStrategy,274,negative,defect_at_iteration,225
W4,500,1.5,3,HungarianMatcher+JohnsonDijkstraStrategy,275,negative,edge_relaxations,11180
W4,500,1.5,3,HungarianMatcher+JohnsonDijkstraStrategy,275,negative,defect_at_iteration,224
W4,500,1.5,3,HungarianMatcher+JohnsonDijkstraStrategy,276,negative,edge_relaxations,11180
W4,500,1.5,3,HungarianMatcher+JohnsonDijkstraStrategy,276,negative,defect_at_iteration,223
W4,500,1.5,3,HungarianMatcher+JohnsonDijkstraStrategy,277,negative,edge_relaxations,11180
W4,500,1.5,3,HungarianMatcher+JohnsonDijkstraStrategy,277,negative,defect_at_iteration,222
W4,500,1.5,3,HungarianMatcher+JohnsonDijkstraStrategy,278,negative,edge_relaxations,11180
W4,500,1.5,3,HungarianMatcher+JohnsonDijkstraStrategy,278,negative,defect_at_iteration,221
W4,500,1.5,3,HungarianMatcher+JohnsonDijkstraStrategy,279,negative,edge_relaxations,11180
W4,500,1.5,3,HungarianMatcher+JohnsonDijkstraStrategy,279,negative,defect_at_iteration,220
W4,500,1.5,3,HungarianMatcher+JohnsonDijkstraStrategy,280,negative,edge_relaxations,11180
W4,500,1.5,3,HungarianMatcher+JohnsonDijkstraStrategy,280,negative,defect_at_iteration,219
W4,500,1.5,3,HungarianMatcher+JohnsonDijkstraStrategy,281,negative,edge_relaxations,11180
W4,500,1.5,3,HungarianMatcher+JohnsonDijkstraStrategy,281,negative,defect_at_iteration,218
W4,500,1.5,3,HungarianMatcher+JohnsonDijkstraStrategy,282,negative,edge_relaxations,11180
W4,500,1.5,3,HungarianMatcher+JohnsonDijkstraStrategy,282,negative,defect_at_iteration,217
W4,500,1.5,3,HungarianMatcher+JohnsonDijkstraStrategy,283,negative,edge_relaxations,11180
W4,500,1.5,3,HungarianMatcher+JohnsonDijkstraStrategy,283,negative,defect_at_iteration,216
W4,500,1.5,3,HungarianMatcher+JohnsonDijkstraStrategy,284,negative,edge_relaxations,11180
W4,500,1.5,3,HungarianMatcher+JohnsonDijkstraStrategy,284,negative,defect_at_iteration,215
W4,500,1.5,3,HungarianMatcher+JohnsonDijkstraStrategy,285,negative,edge_relaxations,11180
W4,500,1.5,3,HungarianMatcher+JohnsonDijkstraStrategy,285,negative,defect_at_iteration,214
W4,500,1.5,3,HungarianMatcher+JohnsonDijkstraStrategy,286,negative,edge_relaxations,11180
W4,500,1.5,3,HungarianMatcher+JohnsonDijkstraStrategy,286,negative,defect_at_iteration,213
W4,500,1.5,3,HungarianMatcher+JohnsonDijkstraStrategy,287,negative,edge_relaxations,11180
W4,500,1.5,3,HungarianMatcher+JohnsonDijkstraStrategy,287,negative,defect_at_iteration,212
W4,500,1.5,3,HungarianMatcher+JohnsonDijkstraStrategy,288,negative,edge_relaxations,11180
W4,500,1.5,3,HungarianMatcher+JohnsonDijkstraStrategy,288,negative,defect_at_iteration,211
W4,500,1.5,3,HungarianMatcher+JohnsonDijkstraStrategy,289,negative,edge_relaxations,11180
W4,500,1.5,3,HungarianMatcher+JohnsonDijkstraStrategy,289,negative,defect_at_iteration,210
W4,500,1.5,3,HungarianMatcher+JohnsonDijkstraStrategy,290,negative,edge_relaxations,11180
W4,500,1.5,3,HungarianMatcher+JohnsonDijkstraStrategy,290,negative,defect_at_iteration,209
W4,500,1.5,3,HungarianMatcher+JohnsonDijkstraStrategy,291,negative,edge_relaxations,11180
W4,500,1.5,3,HungarianMatcher+JohnsonDijkstraStrategy,291,negative,defect_at_iteration,208
W4,500,1.5,3,HungarianMatcher+JohnsonDijkstraStrategy,292,negative,edge_relaxations,11180
W4,500,1.5,3,HungarianMatcher+JohnsonDijkstraStrategy,292,negative,defect_at_iteration,207
W4,500,1.5,3,HungarianMatcher+JohnsonDijkstraStrategy,293,negative,edge_relaxations,11180
W4,500,1.5,3,HungarianMatcher+JohnsonDijkstraStrategy,293,negative,defect_at_iteration,206
W4,500,1.5,3,HungarianMatcher+JohnsonDijkstraStrategy,294,negative,edge_relaxations,11180
W4,500,1.5,3,HungarianMatcher+JohnsonDijkstraStrategy,294,negative,defect_at_iteration,205
W4,500,1.5,3,HungarianMatcher+JohnsonDijkstraStrategy,295,negative,edge_relaxations,11180
W4,500,1.5,3,HungarianMatcher+JohnsonDijkstraStrategy,295,negative,defect_at_iteration,204
W4,500,1.5,3,HungarianMatcher+JohnsonDijkstraStrategy,296,negative,edge_relaxations,11180
W4,500,1.5,3,HungarianMatcher+JohnsonDijkstraStrategy,296,negative,defect_at_iteration,203
W4,500,1.5,3,HungarianMatcher+JohnsonDijkstraStrategy,297,negative,edge_relaxations,11180
W4,500,1.5,3,HungarianMatcher+JohnsonDijkstraStrategy,297,negative,defect_at_iteration,202
W4,500,1.5,3,HungarianMatcher+JohnsonDijkstraStrategy,298,negative,edge_relaxations,11180
W4,500,1.5,3,HungarianMatcher+JohnsonDijkstraStrategy,298,negative,defect_at_iteration,201
W4,500,1.5,3,HungarianMatcher+JohnsonDijkstraStrategy,299,negative,edge_relaxations,11180
W4,500,1.5,3,HungarianMatcher+JohnsonDijkstraStrategy,299,negative,defect_at_iteration,200
W4,500,1.5,3,HungarianMatcher+JohnsonDijkstraStrategy,300,negative,edge_relaxations,11180
W4,500,1.5,3,HungarianMatcher+JohnsonDijkstraStrategy,300,negative,defect_at_iteration,199
W4,500,1.5,3,HungarianMatcher+JohnsonDijkstraStrategy,301,negative,edge_relaxations,11180
W4,500,1.5,3,HungarianMatcher+JohnsonDijkstraStrategy,301,negative,defect_at_iteration,198
W4,500,1.5,3,HungarianMatcher+JohnsonDijkstraStrategy,302,negative,edge_relaxations,11180
W4,500,1.5,3,HungarianMatcher+JohnsonDijkstraStrategy,302,negative,defect_at_iteration,197
W4,500,1.5,3,HungarianMatcher+JohnsonDijkstraStrategy,303,negative,edge_relaxations,11180
W4,500,1.5,3,HungarianMatcher+JohnsonDijkstraStrategy,303,negative,defect_at_iteration,196
W4,500,1.5,3,HungarianMatcher+JohnsonDijkstraStrategy,304,negative,edge_relaxations,11180
W4,500,1.5,3,HungarianMatcher+JohnsonDijkstraStrategy,304,negative,defect_at_iteration,195
W4,500,1.5,3,HungarianMatcher+JohnsonDijkstraStrategy,305,negative,edge_relaxations,11180
W4,500,1.5,3,HungarianMatcher+JohnsonDijkstraStrategy,305,negative,defect_at_iteration,194
W4,500,1.5,3,HungarianMatcher+JohnsonDijkstraStrategy,306,negative,edge_relaxations,11180
W4,500,1.5,3,HungarianMatcher+JohnsonDijkstraStrategy,306,negative,defect_at_iteration,193
W4,500,1.5,3,HungarianMatcher+JohnsonDijkstraStrategy,307,negative,edge_relaxations,11180
W4,500,1.5,3,HungarianMatcher+JohnsonDijkstraStrategy,307,negative,defect_at_iteration,192
W4,500,1.5,3,HungarianMatcher+JohnsonDijkstraStrategy,308,negative,edge_relaxations,11180
W4,500,1.5,3,HungarianMatcher+JohnsonDijkstraStrategy,308,negative,defect_at_iteration,191
W4,500,1.5,3,HungarianMatcher+JohnsonDijkstraStrategy,309,negative,edge_relaxations,11180
W4,500,1.5,3,HungarianMatcher+JohnsonDijkstraStrategy,309,negative,defect_at_iteration,190
W4,500,1.5,3,HungarianMatcher+JohnsonDijkstraStrategy,310,negative,edge_relaxations,11180
W4,500,1.5,3,HungarianMatcher+JohnsonDijkstraStrategy,310,negative,defect_at_iteration,189
W4,500,1.5,3,HungarianMatcher+JohnsonDijkstraStrategy,311,negative,edge_relaxations,11180
W4,500,1.5,3,HungarianMatcher+JohnsonDijkstraStrategy,311,negative,defect_at_iteration,188
W4,500,1.5,3,HungarianMatcher+JohnsonDijkstraStrategy,312,negative,edge_relaxations,11180
W4,500,1.5,3,HungarianMatcher+JohnsonDijkstraStrategy,312,negative,defect_at_iteration,187
W4,500,1.5,3,HungarianMatcher+JohnsonDijkstraStrategy,313,negative,edge_relaxations,11180
W4,500,1.5,3,HungarianMatcher+JohnsonDijkstraStrategy,313,negative,defect_at_iteration,186
W4,500,1.5,3,HungarianMatcher+JohnsonDijkstraStrategy,314,negative,edge_relaxations,11180
W4,500,1.5,3,HungarianMatcher+JohnsonDijkstraStrategy,314,negative,defect_at_iteration,185
W4,500,1.5,3,HungarianMatcher+JohnsonDijkstraStrategy,315,negative,edge_relaxations,11180
W4,500,1.5,3,HungarianMatcher+JohnsonDijkstraStrategy,315,negative,defect_at_iteration,184
W4,500,1.5,3,HungarianMatcher+JohnsonDijkstraStrategy,316,negative,edge_relaxations,11180
W4,500,1.5,3,HungarianMatcher+JohnsonDijkstraStrategy,316,negative,defect_at_iteration,183
W4,500,1.5,3,HungarianMatcher+JohnsonDijkstraStrategy,317,negative,edge_relaxations,11180
W4,500,1.5,3,HungarianMatcher+JohnsonDijkstraStrategy,317,negative,defect_at_iteration,182
W4,500,1.5,3,HungarianMatcher+JohnsonDijkstraStrategy,318,negative,edge_relaxations,11180
W4,500,1.5,3,HungarianMatcher+JohnsonDijkstraStrategy,318,negative,defect_at_iteration,181
W4,500,1.5,3,HungarianMatcher+JohnsonDijkstraStrategy,319,negative,edge_relaxations,11180
W4,500,1.5,3,HungarianMatcher+JohnsonDijkstraStrategy,319,negative,defect_at_iteration,180
W4,500,1.5,3,HungarianMatcher+JohnsonDijkstraStrategy,320,negative,edge_relaxations,11180
W4,500,1.5,3,HungarianMatcher+JohnsonDijkstraStrategy,320,negative,defect_at_iteration,179
W4,500,1.5,3,HungarianMatcher+JohnsonDijkstraStrategy,321,negative,edge_relaxations,11180
W4,500,1.5,3,HungarianMatcher+JohnsonDijkstraStrategy,321,negative,defect_at_iteration,178
W4,500,1.5,3,HungarianMatcher+JohnsonDijkstraStrategy,322,negative,edge_relaxations,11180
W4,500,1.5,3,HungarianMatcher+JohnsonDijkstraStrategy,322,negative,defect_at_iteration,177
W4,500,1.5,3,HungarianMatcher+JohnsonDijkstraStrategy,323,negative,edge_relaxations,11180
W4,500,1.5,3,HungarianMatcher+JohnsonDijkstraStrategy,323,negative,defect_at_iteration,176
W4,500,1.5,3,HungarianMatcher+JohnsonDijkstraStrategy,324,negative,edge_relaxations,11180
W4,500,1.5,3,HungarianMatcher+JohnsonDijkstraStrategy,324,negative,defect_at_iteration,175
W4,500,1.5,3,HungarianMatcher+JohnsonDijkstraStrategy,325,negative,edge_relaxations,11180
W4,500,1.5,3,HungarianMatcher+JohnsonDijkstraStrategy,325,negative,defect_at_iteration,174
W4,500,1.5,3,HungarianMatcher+JohnsonDijkstraStrategy,326,negative,edge_relaxations,11180
W4,500,1.5,3,HungarianMatcher+JohnsonDijkstraStrategy,326,negative,defect_at_iteration,173
W4,500,1.5,3,HungarianMatcher+JohnsonDijkstraStrategy,327,negative,edge_relaxations,11180
W4,500,1.5,3,HungarianMatcher+JohnsonDijkstraStrategy,327,negative,defect_at_iteration,172
W4,500,1.5,3,HungarianMatcher+JohnsonDijkstraStrategy,328,negative,edge_relaxations,11180
W4,500,1.5,3,HungarianMatcher+JohnsonDijkstraStrategy,328,negative,defect_at_iteration,171
W4,500,1.5,3,HungarianMatcher+JohnsonDijkstraStrategy,329,negative,edge_relaxations,11180
W4,500,1.5,3,HungarianMatcher+JohnsonDijkstraStrategy,329,negative,defect_at_iteration,170
W4,500,1.5,3,HungarianMatcher+JohnsonDijkstraStrategy,330,negative,edge_relaxations,11180
W4,500,1.5,3,HungarianMatcher+JohnsonDijkstraStrategy,330,negative,defect_at_iteration,169
W4,500,1.5,3,HungarianMatcher+JohnsonDijkstraStrategy,331,negative,edge_relaxations,11180
W4,500,1.5,3,HungarianMatcher+JohnsonDijkstraStrategy,331,negative,defect_at_iteration,168
W4,500,1.5,3,HungarianMatcher+JohnsonDijkstraStrategy,332,negative,edge_relaxations,11180
W4,500,1.5,3,HungarianMatcher+JohnsonDijkstraStrategy,332,negative,defect_at_iteration,167
W4,500,1.5,3,HungarianMatcher+JohnsonDijkstraStrategy,333,negative,edge_relaxations,11180
W4,500,1.5,3,HungarianMatcher+JohnsonDijkstraStrategy,333,negative,defect_at_iteration,166
W4,500,1.5,3,HungarianMatcher+JohnsonDijkstraStrategy,334,negative,edge_relaxations,11180
W4,500,1.5,3,HungarianMatcher+JohnsonDijkstraStrategy,334,negative,defect_at_iteration,165
W4,500,1.5,3,HungarianMatcher+JohnsonDijkstraStrategy,335,negative,edge_relaxations,11180
W4,500,1.5,3,HungarianMatcher+JohnsonDijkstraStrategy,335,negative,defect_at_iteration,164
W4,500,1.5,3,HungarianMatcher+JohnsonDijkstraStrategy,336,negative,edge_relaxations,11180
W4,500,1.5,3,HungarianMatcher+JohnsonDijkstraStrategy,336,negative,defect_at_iteration,163
W4,500,1.5,3,HungarianMatcher+JohnsonDijkstraStrategy,337,negative,edge_relaxations,11180
W4,500,1.5,3,HungarianMatcher+JohnsonDijkstraStrategy,337,negative,defect_at_iteration,162
W4,500,1.5,3,HungarianMatcher+JohnsonDijkstraStrategy,338,negative,edge_relaxations,11180
W4,500,1.5,3,HungarianMatcher+JohnsonDijkstraStrategy,338,negative,defect_at_iteration,161
W4,500,1.5,3,HungarianMatcher+JohnsonDijkstraStrategy,339,negative,edge_relaxations,11180
W4,500,1.5,3,HungarianMatcher+JohnsonDijkstraStrategy,339,negative,defect_at_iteration,160
W4,500,1.5,3,HungarianMatcher+JohnsonDijkstraStrategy,340,negative,edge_relaxations,11180
W4,500,1.5,3,HungarianMatcher+JohnsonDijkstraStrategy,340,negative,defect_at_iteration,159
W4,500,1.5,3,HungarianMatcher+JohnsonDijkstraStrategy,341,negative,edge_relaxations,11180
W4,500,1.5,3,HungarianMatcher+JohnsonDijkstraStrategy,341,negative,defect_at_iteration,158
W4,500,1.5,3,HungarianMatcher+JohnsonDijkstraStrategy,342,negative,edge_relaxations,11180
W4,500,1.5,3,HungarianMatcher+JohnsonDijkstraStrategy,342,negative,defect_at_iteration,157
W4,500,1.5,3,HungarianMatcher+JohnsonDijkstraStrategy,343,negative,edge_relaxations,11180
W4,500,1.5,3,HungarianMatcher+JohnsonDijkstraStrategy,343,negative,defect_at_iteration,156
W4,500,1.5,3,HungarianMatcher+JohnsonDijkstraStrategy,344,negative,edge_relaxations,11180
W4,500,1.5,3,HungarianMatcher+JohnsonDijkstraStrategy,344,negative,defect_at_iteration,155
W4,500,1.5,3,HungarianMatcher+JohnsonDijkstraStrategy,345,negative,edge_relaxations,11180
W4,500,1.5,3,HungarianMatcher+JohnsonDijkstraStrategy,345,negative,defect_at_iteration,154
W4,500,1.5,3,HungarianMatcher+JohnsonDijkstraStrategy,346,negative,edge_relaxations,11180
W4,500,1.5,3,HungarianMatcher+JohnsonDijkstraStrategy,346,negative,defect_at_iteration,153
W4,500,1.5,3,HungarianMatcher+JohnsonDijkstraStrategy,347,negative,edge_relaxations,11180
W4,500,1.5,3,HungarianMatcher+JohnsonDijkstraStrategy,347,negative,defect_at_iteration,152
W4,500,1.5,3,HungarianMatcher+JohnsonDijkstraStrategy,348,negative,edge_relaxations,11180
W4,500,1.5,3,HungarianMatcher+JohnsonDijkstraStrategy,348,negative,defect_at_iteration,151
W4,500,1.5,3,HungarianMatcher+JohnsonDijkstraStrategy,349,negative,edge_relaxations,11180
W4,500,1.5,3,HungarianMatcher+JohnsonDijkstraStrategy,349,negative,defect_at_iteration,150
W4,500,1.5,3,HungarianMatcher+JohnsonDijkstraStrategy,350,negative,edge_relaxations,11180
W4,500,1.5,3,HungarianMatcher+JohnsonDijkstraStrategy,350,negative,defect_at_iteration,149
W4,500,1.5,3,HungarianMatcher+JohnsonDijkstraStrategy,351,negative,edge_relaxations,11180
W4,500,1.5,3,HungarianMatcher+JohnsonDijkstraStrategy,351,negative,defect_at_iteration,148
W4,500,1.5,3,HungarianMatcher+JohnsonDijkstraStrategy,352,negative,edge_relaxations,11180
W4,500,1.5,3,HungarianMatcher+JohnsonDijkstraStrategy,352,negative,defect_at_iteration,147
W4,500,1.5,3,HungarianMatcher+JohnsonDijkstraStrategy,353,negative,edge_relaxations,11180
W4,500,1.5,3,HungarianMatcher+JohnsonDijkstraStrategy,353,negative,defect_at_iteration,146
W4,500,1.5,3,HungarianMatcher+JohnsonDijkstraStrategy,354,negative,edge_relaxations,11180
W4,500,1.5,3,HungarianMatcher+JohnsonDijkstraStrategy,354,negative,defect_at_iteration,145
W4,500,1.5,3,HungarianMatcher+JohnsonDijkstraStrategy,355,negative,edge_relaxations,11180
W4,500,1.5,3,HungarianMatcher+JohnsonDijkstraStrategy,355,negative,defect_at_iteration,144
W4,500,1.5,3,HungarianMatcher+JohnsonDijkstraStrategy,356,negative,edge_relaxations,11180
W4,500,1.5,3,HungarianMatcher+JohnsonDijkstraStrategy,356,negative,defect_at_iteration,143
W4,500,1.5,3,HungarianMatcher+JohnsonDijkstraStrategy,357,negative,edge_relaxations,11180
W4,500,1.5,3,HungarianMatcher+JohnsonDijkstraStrategy,357,negative,defect_at_iteration,142
W4,500,1.5,3,HungarianMatcher+JohnsonDijkstraStrategy,358,negative,edge_relaxations,11180
W4,500,1.5,3,HungarianMatcher+JohnsonDijkstraStrategy,358,negative,defect_at_iteration,141
W4,500,1.5,3,HungarianMatcher+JohnsonDijkstraStrategy,359,negative,edge_relaxations,11180
W4,500,1.5,3,HungarianMatcher+JohnsonDijkstraStrategy,359,negative,defect_at_iteration,140
W4,500,1.5,3,HungarianMatcher+JohnsonDijkstraStrategy,360,negative,edge_relaxations,11180
W4,500,1.5,3,HungarianMatcher+JohnsonDijkstraStrategy,360,negative,defect_at_iteration,139
W4,500,1.5,3,HungarianMatcher+JohnsonDijkstraStrategy,361,negative,edge_relaxations,11180
W4,500,1.5,3,HungarianMatcher+JohnsonDijkstraStrategy,361,negative,defect_at_iteration,138
W4,500,1.5,3,HungarianMatcher+JohnsonDijkstraStrategy,362,negative,edge_relaxations,11180
W4,500,1.5,3,HungarianMatcher+JohnsonDijkstraStrategy,362,negative,defect_at_iteration,137
W4,500,1.5,3,HungarianMatcher+JohnsonDijkstraStrategy,363,negative,edge_relaxations,11180
W4,500,1.5,3,HungarianMatcher+JohnsonDijkstraStrategy,363,negative,defect_at_iteration,136
W4,500,1.5,3,HungarianMatcher+JohnsonDijkstraStrategy,364,negative,edge_relaxations,11180
W4,500,1.5,3,HungarianMatcher+JohnsonDijkstraStrategy,364,negative,defect_at_iteration,135
W4,500,1.5,3,HungarianMatcher+JohnsonDijkstraStrategy,365,negative,edge_relaxations,11180
W4,500,1.5,3,HungarianMatcher+JohnsonDijkstraStrategy,365,negative,defect_at_iteration,134
W4,500,1.5,3,HungarianMatcher+JohnsonDijkstraStrategy,366,negative,edge_relaxations,11180
W4,500,1.5,3,HungarianMatcher+JohnsonDijkstraStrategy,366,negative,defect_at_iteration,133
W4,500,1.5,3,HungarianMatcher+JohnsonDijkstraStrategy,367,negative,edge_relaxations,11180
W4,500,1.5,3,HungarianMatcher+JohnsonDijkstraStrategy,367,negative,defect_at_iteration,132
W4,500,1.5,3,HungarianMatcher+JohnsonDijkstraStrategy,368,negative,edge_relaxations,11180
W4,500,1.5,3,HungarianMatcher+JohnsonDijkstraStrategy,368,negative,defect_at_iteration,131
W4,500,1.5,3,HungarianMatcher+JohnsonDijkstraStrategy,369,negative,edge_relaxations,11180
W4,500,1.5,3,HungarianMatcher+JohnsonDijkstraStrategy,369,negative,defect_at_iteration,130
W4,500,1.5,3,HungarianMatcher+JohnsonDijkstraStrategy,370,negative,edge_relaxations,11180
W4,500,1.5,3,HungarianMatcher+JohnsonDijkstraStrategy,370,negative,defect_at_iteration,129
W4,500,1.5,3,HungarianMatcher+JohnsonDijkstraStrategy,371,negative,edge_relaxations,11180
W4,500,1.5,3,HungarianMatcher+JohnsonDijkstraStrategy,371,negative,defect_at_iteration,128
W4,500,1.5,3,HungarianMatcher+JohnsonDijkstraStrategy,372,negative,edge_relaxations,11180
W4,500,1.5,3,HungarianMatcher+JohnsonDijkstraStrategy,372,negative,defect_at_iteration,127
W4,500,1.5,3,HungarianMatcher+JohnsonDijkstraStrategy,373,negative,edge_relaxations,11180
W4,500,1.5,3,HungarianMatcher+JohnsonDijkstraStrategy,373,negative,defect_at_iteration,126
W4,500,1.5,3,HungarianMatcher+JohnsonDijkstraStrategy,374,negative,edge_relaxations,11180
W4,500,1.5,3,HungarianMatcher+JohnsonDijkstraStrategy,374,negative,defect_at_iteration,125
W4,500,1.5,3,HungarianMatcher+JohnsonDijkstraStrategy,375,negative,edge_relaxations,11180
W4,500,1.5,3,HungarianMatcher+JohnsonDijkstraStrategy,375,negative,defect_at_iteration,124
W4,500,1.5,3,HungarianMatcher+JohnsonDijkstraStrategy,376,negative,edge_relaxations,11180
W4,500,1.5,3,HungarianMatcher+JohnsonDijkstraStrategy,376,negative,defect_at_iteration,123
W4,500,1.5,3,HungarianMatcher+JohnsonDijkstraStrategy,377,negative,edge_relaxations,11180
W4,500,1.5,3,HungarianMatcher+JohnsonDijkstraStrategy,377,negative,defect_at_iteration,122
W4,500,1.5,3,HungarianMatcher+JohnsonDijkstraStrategy,378,negative,edge_relaxations,11180
W4,500,1.5,3,HungarianMatcher+JohnsonDijkstraStrategy,378,negative,defect_at_iteration,121
W4,500,1.5,3,HungarianMatcher+JohnsonDijkstraStrategy,379,negative,edge_relaxations,11180
W4,500,1.5,3,HungarianMatcher+JohnsonDijkstraStrategy,379,negative,defect_at_iteration,120
W4,500,1.5,3,HungarianMatcher+JohnsonDijkstraStrategy,380,negative,edge_relaxations,11180
W4,500,1.5,3,HungarianMatcher+JohnsonDijkstraStrategy,380,negative,defect_at_iteration,119
W4,500,1.5,3,HungarianMatcher+JohnsonDijkstraStrategy,381,negative,edge_relaxations,11180
W4,500,1.5,3,HungarianMatcher+JohnsonDijkstraStrategy,381,negative,defect_at_iteration,118
W4,500,1.5,3,HungarianMatcher+JohnsonDijkstraStrategy,382,negative,edge_relaxations,11180
W4,500,1.5,3,HungarianMatcher+JohnsonDijkstraStrategy,382,negative,defect_at_iteration,117
W4,500,1.5,3,HungarianMatcher+JohnsonDijkstraStrategy,383,negative,edge_relaxations,11180
W4,500,1.5,3,HungarianMatcher+JohnsonDijkstraStrategy,383,negative,defect_at_iteration,116
W4,500,1.5,3,HungarianMatcher+JohnsonDijkstraStrategy,384,negative,edge_relaxations,11180
W4,500,1.5,3,HungarianMatcher+JohnsonDijkstraStrategy,384,negative,defect_at_iteration,115
W4,500,1.5,3,HungarianMatcher+JohnsonDijkstraStrategy,385,negative,edge_relaxations,11180
W4,500,1.5,3,HungarianMatcher+JohnsonDijkstraStrategy,385,negative,defect_at_iteration,114
W4,500,1.5,3,HungarianMatcher+JohnsonDijkstraStrategy,386,negative,edge_relaxations,11180
W4,500,1.5,3,HungarianMatcher+JohnsonDijkstraStrategy,386,negative,defect_at_iteration,113
W4,500,1.5,3,HungarianMatcher+JohnsonDijkstraStrategy,387,negative,edge_relaxations,11180
W4,500,1.5,3,HungarianMatcher+JohnsonDijkstraStrategy,387,negative,defect_at_iteration,112
W4,500,1.5,3,HungarianMatcher+JohnsonDijkstraStrategy,388,negative,edge_relaxations,11180
W4,500,1.5,3,HungarianMatcher+JohnsonDijkstraStrategy,388,negative,defect_at_iteration,111
W4,500,1.5,3,HungarianMatcher+JohnsonDijkstraStrategy,389,negative,edge_relaxations,11180
W4,500,1.5,3,HungarianMatcher+JohnsonDijkstraStrategy,389,negative,defect_at_iteration,110
W4,500,1.5,3,HungarianMatcher+JohnsonDijkstraStrategy,390,negative,edge_relaxations,11180
W4,500,1.5,3,HungarianMatcher+JohnsonDijkstraStrategy,390,negative,defect_at_iteration,109
W4,500,1.5,3,HungarianMatcher+JohnsonDijkstraStrategy,391,negative,edge_relaxations,11180
W4,500,1.5,3,HungarianMatcher+JohnsonDijkstraStrategy,391,negative,defect_at_iteration,108
W4,500,1.5,3,HungarianMatcher+JohnsonDijkstraStrategy,392,negative,edge_relaxations,11180
W4,500,1.5,3,HungarianMatcher+JohnsonDijkstraStrategy,392,negative,defect_at_iteration,107
W4,500,1.5,3,HungarianMatcher+JohnsonDijkstraStrategy,393,negative,edge_relaxations,11180
W4,500,1.5,3,HungarianMatcher+JohnsonDijkstraStrategy,393,negative,defect_at_iteration,106
W4,500,1.5,3,HungarianMatcher+JohnsonDijkstraStrategy,394,negative,edge_relaxations,11180
W4,500,1.5,3,HungarianMatcher+JohnsonDijkstraStrategy,394,negative,defect_at_iteration,105
W4,500,1.5,3,HungarianMatcher+JohnsonDijkstraStrategy,395,negative,edge_relaxations,11180
W4,500,1.5,3,HungarianMatcher+JohnsonDijkstraStrategy,395,negative,defect_at_iteration,104
W4,500,1.5,3,HungarianMatcher+JohnsonDijkstraStrategy,396,negative,edge_relaxations,11180
W4,500,1.5,3,HungarianMatcher+JohnsonDijkstraStrategy,396,negative,defect_at_iteration,103
W4,500,1.5,3,HungarianMatcher+JohnsonDijkstraStrategy,397,negative,edge_relaxations,11180
W4,500,1.5,3,HungarianMatcher+JohnsonDijkstraStrategy,397,negative,defect_at_iteration,102
W4,500,1.5,3,HungarianMatcher+JohnsonDijkstraStrategy,398,negative,edge_relaxations,11180
W4,500,1.5,3,HungarianMatcher+JohnsonDijkstraStrategy,398,negative,defect_at_iteration,101
W4,500,1.5,3,HungarianMatcher+JohnsonDijkstraStrategy,399,negative,edge_relaxations,11180
W4,500,1.5,3,HungarianMatcher+JohnsonDijkstraStrategy,399,negative,defect_at_iteration,100
W4,500,1.5,3,HungarianMatcher+JohnsonDijkstraStrategy,400,negative,edge_relaxations,11180
W4,500,1.5,3,HungarianMatcher+JohnsonDijkstraStrategy,400,negative,defect_at_iteration,99
W4,500,1.5,3,HungarianMatcher+JohnsonDijkstraStrategy,401,negative,edge_relaxations,11180
W4,500,1.5,3,HungarianMatcher+JohnsonDijkstraStrategy,401,negative,defect_at_iteration,98
W4,500,1.5,3,HungarianMatcher+JohnsonDijkstraStrategy,402,negative,edge_relaxations,11180
W4,500,1.5,3,HungarianMatcher+JohnsonDijkstraStrategy,402,negative,defect_at_iteration,97
W4,500,1.5,3,HungarianMatcher+JohnsonDijkstraStrategy,403,negative,edge_relaxations,11180
W4,500,1.5,3,HungarianMatcher+JohnsonDijkstraStrategy,403,negative,defect_at_iteration,96
W4,500,1.5,3,HungarianMatcher+JohnsonDijkstraStrategy,404,negative,edge_relaxations,11180
W4,500,1.5,3,HungarianMatcher+JohnsonDijkstraStrategy,404,negative,defect_at_iteration,95
W4,500,1.5,3,HungarianMatcher+JohnsonDijkstraStrategy,405,negative,edge_relaxations,11180
W4,500,1.5,3,HungarianMatcher+JohnsonDijkstraStrategy,405,negative,defect_at_iteration,94
W4,500,1.5,3,HungarianMatcher+JohnsonDijkstraStrategy,406,negative,edge_relaxations,11180
W4,500,1.5,3,HungarianMatcher+JohnsonDijkstraStrategy,406,negative,defect_at_iteration,93
W4,500,1.5,3,HungarianMatcher+JohnsonDijkstraStrategy,407,negative,edge_relaxations,11180
W4,500,1.5,3,HungarianMatcher+JohnsonDijkstraStrategy,407,negative,defect_at_iteration,92
W4,500,1.5,3,HungarianMatcher+JohnsonDijkstraStrategy,408,negative,edge_relaxations,11180
W4,500,1.5,3,HungarianMatcher+JohnsonDijkstraStrategy,408,negative,defect_at_iteration,91
W4,500,1.5,3,HungarianMatcher+JohnsonDijkstraStrategy,409,negative,edge_relaxations,11180
W4,500,1.5,3,HungarianMatcher+JohnsonDijkstraStrategy,409,negative,defect_at_iteration,90
W4,500,1.5,3,HungarianMatcher+JohnsonDijkstraStrategy,410,negative,edge_relaxations,11180
W4,500,1.5,3,HungarianMatcher+JohnsonDijkstraStrategy,410,negative,defect_at_iteration,89
W4,500,1.5,3,HungarianMatcher+JohnsonDijkstraStrategy,411,negative,edge_relaxations,11180
W4,500,1.5,3,HungarianMatcher+JohnsonDijkstraStrategy,411,negative,defect_at_iteration,88
W4,500,1.5,3,HungarianMatcher+JohnsonDijkstraStrategy,412,negative,edge_relaxations,11180
W4,500,1.5,3,HungarianMatcher+JohnsonDijkstraStrategy,412,negative,defect_at_iteration,87
W4,500,1.5,3,HungarianMatcher+JohnsonDijkstraStrategy,413,negative,edge_relaxations,11180
W4,500,1.5,3,HungarianMatcher+JohnsonDijkstraStrategy,413,negative,defect_at_iteration,86
W4,500,1.5,3,HungarianMatcher+JohnsonDijkstraStrategy,414,negative,edge_relaxations,11180
W4,500,1.5,3,HungarianMatcher+JohnsonDijkstraStrategy,414,negative,defect_at_iteration,85
W4,500,1.5,3,HungarianMatcher+JohnsonDijkstraStrategy,415,negative,edge_relaxations,11180
W4,500,1.5,3,HungarianMatcher+JohnsonDijkstraStrategy,415,negative,defect_at_iteration,84
W4,500,1.5,3,HungarianMatcher+JohnsonDijkstraStrategy,416,negative,edge_relaxations,11180
W4,500,1.5,3,HungarianMatcher+JohnsonDijkstraStrategy,416,negative,defect_at_iteration,83
W4,500,1.5,3,HungarianMatcher+JohnsonDijkstraStrategy,417,negative,edge_relaxations,11180
W4,500,1.5,3,HungarianMatcher+JohnsonDijkstraStrategy,417,negative,defect_at_iteration,82
W4,500,1.5,3,HungarianMatcher+JohnsonDijkstraStrategy,418,negative,edge_relaxations,11180
W4,500,1.5,3,HungarianMatcher+JohnsonDijkstraStrategy,418,negative,defect_at_iteration,81
W4,500,1.5,3,HungarianMatcher+JohnsonDijkstraStrategy,419,negative,edge_relaxations,11180
W4,500,1.5,3,HungarianMatcher+JohnsonDijkstraStrategy,419,negative,defect_at_iteration,80
W4,500,1.5,3,HungarianMatcher+JohnsonDijkstraStrategy,420,negative,edge_relaxations,11180
W4,500,1.5,3,HungarianMatcher+JohnsonDijkstraStrategy,420,negative,defect_at_iteration,79
W4,500,1.5,3,HungarianMatcher+JohnsonDijkstraStrategy,421,negative,edge_relaxations,11180
W4,500,1.5,3,HungarianMatcher+JohnsonDijkstraStrategy,421,negative,defect_at_iteration,78
W4,500,1.5,3,HungarianMatcher+JohnsonDijkstraStrategy,422,negative,edge_relaxations,11180
W4,500,1.5,3,HungarianMatcher+JohnsonDijkstraStrategy,422,negative,defect_at_iteration,77
W4,500,1.5,3,HungarianMatcher+JohnsonDijkstraStrategy,423,negative,edge_relaxations,11180
W4,500,1.5,3,HungarianMatcher+JohnsonDijkstraStrategy,423,negative,defect_at_iteration,76
W4,500,1.5,3,HungarianMatcher+JohnsonDijkstraStrategy,424,negative,edge_relaxations,11180
W4,500,1.5,3,HungarianMatcher+JohnsonDijkstraStrategy,424,negative,defect_at_iteration,75
W4,500,1.5,3,HungarianMatcher+JohnsonDijkstraStrategy,425,negative,edge_relaxations,11180
W4,500,1.5,3,HungarianMatcher+JohnsonDijkstraStrategy,425,negative,defect_at_iteration,74
W4,500,1.5,3,HungarianMatcher+JohnsonDijkstraStrategy,426,negative,edge_relaxations,11180
W4,500,1.5,3,HungarianMatcher+JohnsonDijkstraStrategy,426,negative,defect_at_iteration,73
W4,500,1.5,3,HungarianMatcher+JohnsonDijkstraStrategy,427,negative,edge_relaxations,11180
W4,500,1.5,3,HungarianMatcher+JohnsonDijkstraStrategy,427,negative,defect_at_iteration,72
W4,500,1.5,3,HungarianMatcher+JohnsonDijkstraStrategy,428,negative,edge_relaxations,11180
W4,500,1.5,3,HungarianMatcher+JohnsonDijkstraStrategy,428,negative,defect_at_iteration,71
W4,500,1.5,3,HungarianMatcher+JohnsonDijkstraStrategy,429,negative,edge_relaxations,11180
W4,500,1.5,3,HungarianMatcher+JohnsonDijkstraStrategy,429,negative,defect_at_iteration,70
W4,500,1.5,3,HungarianMatcher+JohnsonDijkstraStrategy,430,negative,edge_relaxations,11180
W4,500,1.5,3,HungarianMatcher+JohnsonDijkstraStrategy,430,negative,defect_at_iteration,69
W4,500,1.5,3,HungarianMatcher+JohnsonDijkstraStrategy,431,negative,edge_relaxations,11180
W4,500,1.5,3,HungarianMatcher+JohnsonDijkstraStrategy,431,negative,defect_at_iteration,68
W4,500,1.5,3,HungarianMatcher+JohnsonDijkstraStrategy,432,negative,edge_relaxations,11180
W4,500,1.5,3,HungarianMatcher+JohnsonDijkstraStrategy,432,negative,defect_at_iteration,67
W4,500,1.5,3,HungarianMatcher+JohnsonDijkstraStrategy,433,negative,edge_relaxations,11180
W4,500,1.5,3,HungarianMatcher+JohnsonDijkstraStrategy,433,negative,defect_at_iteration,66
W4,500,1.5,3,HungarianMatcher+JohnsonDijkstraStrategy,434,negative,edge_relaxations,11180
W4,500,1.5,3,HungarianMatcher+JohnsonDijkstraStrategy,434,negative,defect_at_iteration,65
W4,500,1.5,3,HungarianMatcher+JohnsonDijkstraStrategy,435,negative,edge_relaxations,11180
W4,500,1.5,3,HungarianMatcher+JohnsonDijkstraStrategy,435,negative,defect_at_iteration,64
W4,500,1.5,3,HungarianMatcher+JohnsonDijkstraStrategy,436,negative,edge_relaxations,11180
W4,500,1.5,3,HungarianMatcher+JohnsonDijkstraStrategy,436,negative,defect_at_iteration,63
W4,500,1.5,3,HungarianMatcher+JohnsonDijkstraStrategy,437,negative,edge_relaxations,11180
W4,500,1.5,3,HungarianMatcher+JohnsonDijkstraStrategy,437,negative,defect_at_iteration,62
W4,500,1.5,3,HungarianMatcher+JohnsonDijkstraStrategy,438,negative,edge_relaxations,11180
W4,500,1.5,3,HungarianMatcher+JohnsonDijkstraStrategy,438,negative,defect_at_iteration,61
W4,500,1.5,3,HungarianMatcher+JohnsonDijkstraStrategy,439,negative,edge_relaxations,11180
W4,500,1.5,3,HungarianMatcher+JohnsonDijkstraStrategy,439,negative,defect_at_iteration,60
W4,500,1.5,3,HungarianMatcher+JohnsonDijkstraStrategy,440,negative,edge_relaxations,11180
W4,500,1.5,3,HungarianMatcher+JohnsonDijkstraStrategy,440,negative,defect_at_iteration,59
W4,500,1.5,3,HungarianMatcher+JohnsonDijkstraStrategy,441,negative,edge_relaxations,11180
W4,500,1.5,3,HungarianMatcher+JohnsonDijkstraStrategy,441,negative,defect_at_iteration,58
W4,500,1.5,3,HungarianMatcher+JohnsonDijkstraStrategy,442,negative,edge_relaxations,11180
W4,500,1.5,3,HungarianMatcher+JohnsonDijkstraStrategy,442,negative,defect_at_iteration,57
W4,500,1.5,3,HungarianMatcher+JohnsonDijkstraStrategy,443,negative,edge_relaxations,11180
W4,500,1.5,3,HungarianMatcher+JohnsonDijkstraStrategy,443,negative,defect_at_iteration,56
W4,500,1.5,3,HungarianMatcher+JohnsonDijkstraStrategy,444,negative,edge_relaxations,11180
W4,500,1.5,3,HungarianMatcher+JohnsonDijkstraStrategy,444,negative,defect_at_iteration,55
W4,500,1.5,3,HungarianMatcher+JohnsonDijkstraStrategy,445,negative,edge_relaxations,11180
W4,500,1.5,3,HungarianMatcher+JohnsonDijkstraStrategy,445,negative,defect_at_iteration,54
W4,500,1.5,3,HungarianMatcher+JohnsonDijkstraStrategy,446,negative,edge_relaxations,11180
W4,500,1.5,3,HungarianMatcher+JohnsonDijkstraStrategy,446,negative,defect_at_iteration,53
W4,500,1.5,3,HungarianMatcher+JohnsonDijkstraStrategy,447,negative,edge_relaxations,11180
W4,500,1.5,3,HungarianMatcher+JohnsonDijkstraStrategy,447,negative,defect_at_iteration,52
W4,500,1.5,3,HungarianMatcher+JohnsonDijkstraStrategy,448,negative,edge_relaxations,11180
W4,500,1.5,3,HungarianMatcher+JohnsonDijkstraStrategy,448,negative,defect_at_iteration,51
W4,500,1.5,3,HungarianMatcher+JohnsonDijkstraStrategy,449,negative,edge_relaxations,11180
W4,500,1.5,3,HungarianMatcher+JohnsonDijkstraStrategy,449,negative,defect_at_iteration,50
W4,500,1.5,3,HungarianMatcher+JohnsonDijkstraStrategy,450,negative,edge_relaxations,11180
W4,500,1.5,3,HungarianMatcher+JohnsonDijkstraStrategy,450,negative,defect_at_iteration,49
W4,500,1.5,3,HungarianMatcher+JohnsonDijkstraStrategy,451,negative,edge_relaxations,11180
W4,500,1.5,3,HungarianMatcher+JohnsonDijkstraStrategy,451,negative,defect_at_iteration,48
W4,500,1.5,3,HungarianMatcher+JohnsonDijkstraStrategy,452,negative,edge_relaxations,11180
W4,500,1.5,3,HungarianMatcher+JohnsonDijkstraStrategy,452,negative,defect_at_iteration,47
W4,500,1.5,3,HungarianMatcher+JohnsonDijkstraStrategy,453,negative,edge_relaxations,11180
W4,500,1.5,3,HungarianMatcher+JohnsonDijkstraStrategy,453,negative,defect_at_iteration,46
W4,500,1.5,3,HungarianMatcher+JohnsonDijkstraStrategy,454,negative,edge_relaxations,11180
W4,500,1.5,3,HungarianMatcher+JohnsonDijkstraStrategy,454,negative,defect_at_iteration,45
W4,500,1.5,3,HungarianMatcher+JohnsonDijkstraStrategy,455,negative,edge_relaxations,11180
W4,500,1.5,3,HungarianMatcher+JohnsonDijkstraStrategy,455,negative,defect_at_iteration,44
W4,500,1.5,3,HungarianMatcher+JohnsonDijkstraStrategy,456,negative,edge_relaxations,11180
W4,500,1.5,3,HungarianMatcher+JohnsonDijkstraStrategy,456,negative,defect_at_iteration,43
W4,500,1.5,3,HungarianMatcher+JohnsonDijkstraStrategy,457,negative,edge_relaxations,11180
W4,500,1.5,3,HungarianMatcher+JohnsonDijkstraStrategy,457,negative,defect_at_iteration,42
W4,500,1.5,3,HungarianMatcher+JohnsonDijkstraStrategy,458,negative,edge_relaxations,11180
W4,500,1.5,3,HungarianMatcher+JohnsonDijkstraStrategy,458,negative,defect_at_iteration,41
W4,500,1.5,3,HungarianMatcher+JohnsonDijkstraStrategy,459,negative,edge_relaxations,11180
W4,500,1.5,3,HungarianMatcher+JohnsonDijkstraStrategy,459,negative,defect_at_iteration,40
W4,500,1.5,3,HungarianMatcher+JohnsonDijkstraStrategy,460,negative,edge_relaxations,11180
W4,500,1.5,3,HungarianMatcher+JohnsonDijkstraStrategy,460,negative,defect_at_iteration,39
W4,500,1.5,3,HungarianMatcher+JohnsonDijkstraStrategy,461,negative,edge_relaxations,11180
W4,500,1.5,3,HungarianMatcher+JohnsonDijkstraStrategy,461,negative,defect_at_iteration,38
W4,500,1.5,3,HungarianMatcher+JohnsonDijkstraStrategy,462,negative,edge_relaxations,11180
W4,500,1.5,3,HungarianMatcher+JohnsonDijkstraStrategy,462,negative,defect_at_iteration,37
W4,500,1.5,3,HungarianMatcher+JohnsonDijkstraStrategy,463,negative,edge_relaxations,11180
W4,500,1.5,3,HungarianMatcher+JohnsonDijkstraStrategy,463,negative,defect_at_iteration,36
W4,500,1.5,3,HungarianMatcher+JohnsonDijkstraStrategy,464,negative,edge_relaxations,11180
W4,500,1.5,3,HungarianMatcher+JohnsonDijkstraStrategy,464,negative,defect_at_iteration,35
W4,500,1.5,3,HungarianMatcher+JohnsonDijkstraStrategy,465,negative,edge_relaxations,11180
W4,500,1.5,3,HungarianMatcher+JohnsonDijkstraStrategy,465,negative,defect_at_iteration,34
W4,500,1.5,3,HungarianMatcher+JohnsonDijkstraStrategy,466,negative,edge_relaxations,11180
W4,500,1.5,3,HungarianMatcher+JohnsonDijkstraStrategy,466,negative,defect_at_iteration,33
W4,500,1.5,3,HungarianMatcher+JohnsonDijkstraStrategy,467,negative,edge_relaxations,11180
W4,500,1.5,3,HungarianMatcher+JohnsonDijkstraStrategy,467,negative,defect_at_iteration,32
W4,500,1.5,3,HungarianMatcher+JohnsonDijkstraStrategy,468,negative,edge_relaxations,11180
W4,500,1.5,3,HungarianMatcher+JohnsonDijkstraStrategy,468,negative,defect_at_iteration,31
W4,500,1.5,3,HungarianMatcher+JohnsonDijkstraStrategy,469,negative,edge_relaxations,11180
W4,500,1.5,3,HungarianMatcher+JohnsonDijkstraStrategy,469,negative,defect_at_iteration,30
W4,500,1.5,3,HungarianMatcher+JohnsonDijkstraStrategy,470,negative,edge_relaxations,11180
W4,500,1.5,3,HungarianMatcher+JohnsonDijkstraStrategy,470,negative,defect_at_iteration,29
W4,500,1.5,3,HungarianMatcher+JohnsonDijkstraStrategy,471,negative,edge_relaxations,11180
W4,500,1.5,3,HungarianMatcher+JohnsonDijkstraStrategy,471,negative,defect_at_iteration,28
W4,500,1.5,3,HungarianMatcher+JohnsonDijkstraStrategy,472,negative,edge_relaxations,11180
W4,500,1.5,3,HungarianMatcher+JohnsonDijkstraStrategy,472,negative,defect_at_iteration,27
W4,500,1.5,3,HungarianMatcher+JohnsonDijkstraStrategy,473,negative,edge_relaxations,11180
W4,500,1.5,3,HungarianMatcher+JohnsonDijkstraStrategy,473,negative,defect_at_iteration,26
W4,500,1.5,3,HungarianMatcher+JohnsonDijkstraStrategy,474,negative,edge_relaxations,11180
W4,500,1.5,3,HungarianMatcher+JohnsonDijkstraStrategy,474,negative,defect_at_iteration,25
W4,500,1.5,3,HungarianMatcher+JohnsonDijkstraStrategy,475,negative,edge_relaxations,11180
W4,500,1.5,3,HungarianMatcher+JohnsonDijkstraStrategy,475,negative,defect_at_iteration,24
W4,500,1.5,3,HungarianMatcher+JohnsonDijkstraStrategy,476,negative,edge_relaxations,11180
W4,500,1.5,3,HungarianMatcher+JohnsonDijkstraStrategy,476,negative,defect_at_iteration,23
W4,500,1.5,3,HungarianMatcher+JohnsonDijkstraStrategy,477,negative,edge_relaxations,11180
W4,500,1.5,3,HungarianMatcher+JohnsonDijkstraStrategy,477,negative,defect_at_iteration,22
W4,500,1.5,3,HungarianMatcher+JohnsonDijkstraStrategy,478,negative,edge_relaxations,11180
W4,500,1.5,3,HungarianMatcher+JohnsonDijkstraStrategy,478,negative,defect_at_iteration,21
W4,500,1.5,3,HungarianMatcher+JohnsonDijkstraStrategy,479,negative,edge_relaxations,11180
W4,500,1.5,3,HungarianMatcher+JohnsonDijkstraStrategy,479,negative,defect_at_iteration,20
W4,500,1.5,3,HungarianMatcher+JohnsonDijkstraStrategy,480,negative,edge_relaxations,11180
W4,500,1.5,3,HungarianMatcher+JohnsonDijkstraStrategy,480,negative,defect_at_iteration,19
W4,500,1.5,3,HungarianMatcher+JohnsonDijkstraStrategy,481,negative,edge_relaxations,11180
W4,500,1.5,3,HungarianMatcher+JohnsonDijkstraStrategy,481,negative,defect_at_iteration,18
W4,500,1.5,3,HungarianMatcher+JohnsonDijkstraStrategy,482,negative,edge_relaxations,11180
W4,500,1.5,3,HungarianMatcher+JohnsonDijkstraStrategy,482,negative,defect_at_iteration,17
W4,500,1.5,3,HungarianMatcher+JohnsonDijkstraStrategy,483,negative,edge_relaxations,11180
W4,500,1.5,3,HungarianMatcher+JohnsonDijkstraStrategy,483,negative,defect_at_iteration,16
W4,500,1.5,3,HungarianMatcher+JohnsonDijkstraStrategy,484,negative,edge_relaxations,11180
W4,500,1.5,3,HungarianMatcher+JohnsonDijkstraStrategy,484,negative,defect_at_iteration,15
W4,500,1.5,3,HungarianMatcher+JohnsonDijkstraStrategy,485,negative,edge_relaxations,11180
W4,500,1.5,3,HungarianMatcher+JohnsonDijkstraStrategy,485,negative,defect_at_iteration,14
W4,500,1.5,3,HungarianMatcher+JohnsonDijkstraStrategy,486,negative,edge_relaxations,11180
W4,500,1.5,3,HungarianMatcher+JohnsonDijkstraStrategy,486,negative,defect_at_iteration,13
W4,500,1.5,3,HungarianMatcher+JohnsonDijkstraStrategy,487,negative,edge_relaxations,11180
W4,500,1.5,3,HungarianMatcher+JohnsonDijkstraStrategy,487,negative,defect_at_iteration,12
W4,500,1.5,3,HungarianMatcher+JohnsonDijkstraStrategy,488,negative,edge_relaxations,11180
W4,500,1.5,3,HungarianMatcher+JohnsonDijkstraStrategy,488,negative,defect_at_iteration,11
W4,500,1.5,3,HungarianMatcher+JohnsonDijkstraStrategy,489,negative,edge_relaxations,11180
W4,500,1.5,3,HungarianMatcher+JohnsonDijkstraStrategy,489,negative,defect_at_iteration,10
W4,500,1.5,3,HungarianMatcher+JohnsonDijkstraStrategy,490,negative,edge_relaxations,11180
W4,500,1.5,3,HungarianMatcher+JohnsonDijkstraStrategy,490,negative,defect_at_iteration,9
W4,500,1.5,3,HungarianMatcher+JohnsonDijkstraStrategy,491,negative,edge_relaxations,11180
W4,500,1.5,3,HungarianMatcher+JohnsonDijkstraStrategy,491,negative,defect_at_iteration,8
W4,500,1.5,3,HungarianMatcher+JohnsonDijkstraStrategy,492,negative,edge_relaxations,11180
W4,500,1.5,3,HungarianMatcher+JohnsonDijkstraStrategy,492,negative,defect_at_iteration,7
W4,500,1.5,3,HungarianMatcher+JohnsonDijkstraStrategy,493,negative,edge_relaxations,11180
W4,500,1.5,3,HungarianMatcher+JohnsonDijkstraStrategy,493,negative,defect_at_iteration,6
W4,500,1.5,3,HungarianMatcher+JohnsonDijkstraStrategy,494,negative,edge_relaxations,11180
W4,500,1.5,3,HungarianMatcher+JohnsonDijkstraStrategy,494,negative,defect_at_iteration,5
W4,500,1.5,3,HungarianMatcher+JohnsonDijkstraStrategy,495,negative,edge_relaxations,11180
W4,500,1.5,3,HungarianMatcher+JohnsonDijkstraStrategy,495,negative,defect_at_iteration,4
W4,500,1.5,3,HungarianMatcher+JohnsonDijkstraStrategy,496,negative,edge_relaxations,11180
W4,500,1.5,3,HungarianMatcher+JohnsonDijkstraStrategy,496,negative,defect_at_iteration,3
W4,500,1.5,3,HungarianMatcher+JohnsonDijkstraStrategy,497,negative,edge_relaxations,11180
W4,500,1.5,3,HungarianMatcher+JohnsonDijkstraStrategy,497,negative,defect_at_iteration,2
W4,500,1.5,3,HungarianMatcher+JohnsonDijkstraStrategy,498,negative,edge_relaxations,11180
W4,500,1.5,3,HungarianMatcher+JohnsonDijkstraStrategy,498,negative,defect_at_iteration,1
W4,500,1.5,3,HungarianMatcher+JohnsonDijkstraStrategy,499,negative,edge_relaxations,11180
W4,500,1.5,3,HungarianMatcher+JohnsonDijkstraStrategy,499,negative,defect_at_iteration,0
W4,500,1.5,3,HungarianMatcher+JohnsonDijkstraStrategy,-1,negative,augmentation_count,500
W4,500,1.5,3,HungarianMatcher+JohnsonDijkstraStrategy,-1,negative,matching_value,-1.19002e+08
W4,500,1.5,3,HungarianMatcher+JohnsonDijkstraStrategy,-1,negative,matching_size,500
W4,500,1.5,3,HungarianMatcher+JohnsonDijkstraStrategy,-1,negative,wall_clock_ms,408.432
